month,invested,outlier,first,second,rest,total,number of clusters
1990-01,124,1562,175,98,118,1953,6
1990-02,82,1566,172,108,112,1958,6
1990-03,130,1537,171,119,94,1921,6
1990-04,136,1541,182,117,87,1927,6
1990-05,102,1561,176,134,80,1951,6
1990-06,130,1575,178,136,80,1969,6
1990-07,150,1585,178,128,90,1981,6
1990-08,106,1607,177,116,109,2009,9
1990-09,30,1604,174,157,70,2005,6
1990-10,2,1617,189,150,65,2021,6
1990-11,136,1629,169,99,140,2037,6
1990-12,94,1701,119,71,235,2126,10
1991-01,106,1719,144,124,162,2149,10
1991-02,110,1733,131,111,191,2166,10
1991-03,96,1689,110,108,205,2112,8
1991-04,106,1711,129,105,194,2139,10
1991-05,52,1727,125,113,194,2159,10
1991-06,116,1746,133,112,192,2183,10
1991-07,22,1773,133,101,209,2216,10
1991-08,84,1792,123,120,205,2240,10
1991-09,124,1775,127,113,204,2219,10
1991-10,68,1784,136,125,185,2230,10
1991-11,80,1786,131,120,196,2233,10
1991-12,12,1836,133,119,207,2295,10
1992-01,90,1830,132,98,228,2288,10
1992-02,106,1827,130,111,216,2284,10
1992-03,12,1785,111,108,228,2232,10
1992-04,120,1789,125,112,211,2237,10
1992-05,134,1795,115,104,230,2244,10
1992-06,48,1821,118,107,230,2276,10
1992-07,116,1836,97,90,272,2295,10
1992-08,56,1844,124,87,250,2305,10
1992-09,124,1823,138,109,209,2279,10
1992-10,104,1827,126,92,239,2284,10
1992-11,80,1835,123,116,220,2294,10
1992-12,2,1879,109,105,256,2349,10
1993-01,102,1874,123,105,241,2343,10
1993-02,92,1886,114,99,259,2358,10
1993-03,136,1834,142,82,235,2293,10
1993-04,128,1845,140,94,227,2306,10
1993-05,106,1851,138,88,237,2314,10
1993-06,90,1853,133,105,226,2317,10
1993-07,20,1867,134,99,234,2334,10
1993-08,116,1871,148,94,226,2339,10
1993-09,100,1841,136,104,221,2302,10
1993-10,116,1845,123,101,237,2306,10
1993-11,96,1852,142,83,238,2315,10
1993-12,26,1900,125,105,245,2375,10
1994-01,112,1912,134,108,236,2390,10
1994-02,112,1911,138,80,260,2389,10
1994-03,122,1865,132,98,236,2331,10
1994-04,128,1868,131,92,244,2335,10
1994-05,104,1884,121,88,262,2355,10
1994-06,88,1876,130,85,254,2345,10
1994-07,126,1892,131,95,247,2365,10
1994-08,98,1905,118,96,263,2382,10
1994-09,72,1879,119,100,251,2349,10
1994-10,56,1873,136,98,234,2341,10
1994-11,94,1869,119,99,250,2337,10
1994-12,94,1901,101,97,277,2376,10
1995-01,108,1905,150,86,241,2382,10
1995-02,138,1904,119,102,255,2380,10
1995-03,126,1881,111,110,249,2351,10
1995-04,78,1887,117,114,241,2359,10
1995-05,120,1902,123,118,235,2378,10
1995-06,76,1877,134,108,228,2347,9
1995-07,50,1897,127,120,228,2372,10
1995-08,110,1916,106,92,281,2395,10
1995-09,100,1905,139,105,233,2382,10
1995-10,130,1914,131,103,245,2393,10
1995-11,126,1933,134,85,264,2416,10
1995-12,170,2137,161,146,228,2672,10
1996-01,136,2149,150,146,241,2686,10
1996-02,112,2166,142,141,259,2708,10
1996-03,146,1995,135,118,246,2494,10
1996-04,40,2029,142,112,254,2537,10
1996-05,116,2048,145,84,283,2560,10
1996-06,146,2061,158,111,246,2576,10
1996-07,156,2293,162,117,295,2867,10
1996-08,54,2316,165,107,307,2895,10
1996-09,120,2246,158,91,313,2808,10
1996-10,122,2265,160,116,291,2832,10
1996-11,92,2289,154,120,298,2861,10
1996-12,122,2388,158,135,304,2985,10
1997-01,74,2393,154,133,311,2991,10
1997-02,138,2393,173,130,295,2991,10
1997-03,148,2277,165,95,310,2847,10
1997-04,74,2316,180,96,303,2895,10
1997-05,144,2323,176,103,302,2904,10
1997-06,138,2344,183,112,291,2930,10
1997-07,104,2372,192,122,279,2965,10
1997-08,146,2401,172,159,269,3001,10
1997-09,134,2350,162,106,320,2938,10
1997-10,116,2370,120,114,359,2963,10
1997-11,100,2383,158,116,322,2979,10
1997-12,64,2509,168,146,313,3136,10
1998-01,128,2549,187,159,292,3187,9
1998-02,116,2573,154,91,399,3217,10
1998-03,60,2544,176,173,287,3180,9
1998-04,58,2561,157,98,385,3201,10
1998-05,80,2576,190,98,356,3220,10
1998-06,108,2530,151,146,336,3163,10
1998-07,126,2534,159,155,320,3168,10
1998-08,158,2541,140,78,418,3177,10
1998-09,190,2493,167,162,294,3116,9
1998-10,132,2499,156,128,341,3124,10
1998-11,116,2517,188,148,293,3146,9
1998-12,110,2516,147,141,341,3145,10
1999-01,80,2525,166,126,339,3156,10
1999-02,86,2529,184,137,311,3161,10
1999-03,184,2653,180,166,318,3317,10
1999-04,148,2653,173,119,371,3316,10
1999-05,82,2651,214,133,316,3314,10
1999-06,168,2615,191,172,291,3269,9
1999-07,108,2637,166,159,335,3297,10
1999-08,96,2651,176,155,332,3314,10
1999-09,170,2649,154,119,390,3312,10
1999-10,176,2674,186,151,332,3343,10
1999-11,156,2713,186,154,338,3391,10
1999-12,164,2862,212,124,380,3578,10
2000-01,154,2887,211,103,408,3609,10
2000-02,136,2886,221,109,392,3608,10
2000-03,188,2449,192,119,301,3061,10
2000-04,30,2465,171,100,346,3082,10
2000-05,92,2488,175,90,357,3110,10
2000-06,162,2457,165,105,344,3071,10
2000-07,152,2481,181,105,335,3102,10
2000-08,142,2497,176,129,320,3122,10
2000-09,194,2436,184,116,309,3045,10
2000-10,170,2451,181,141,291,3064,10
2000-11,122,2477,168,134,317,3096,10
2000-12,210,2863,201,181,334,3579,9
2001-01,182,2869,207,191,320,3587,9
2001-02,164,2885,188,177,356,3606,10
2001-03,200,2769,194,139,359,3461,10
2001-04,124,2775,176,160,358,3469,10
2001-05,58,2783,192,148,356,3479,10
2001-06,144,2755,180,167,342,3444,10
2001-07,146,2759,197,158,335,3449,10
2001-08,60,2781,184,169,343,3477,10
2001-09,124,2701,217,127,332,3377,10
2001-10,154,2725,214,153,314,3406,10
2001-11,220,2753,222,135,332,3442,10
2001-12,16,2797,182,152,365,3496,10
2002-01,172,2814,194,174,336,3518,10
2002-02,154,2825,210,172,325,3532,9
2002-03,154,2740,182,177,326,3425,9
2002-04,180,2761,180,159,352,3452,10
2002-05,176,2788,227,105,365,3485,10
2002-06,164,2773,201,192,300,3466,9
2002-07,84,2798,206,194,300,3498,9
2002-08,158,2820,204,143,358,3525,9
2002-09,166,2756,205,190,294,3445,9
2002-10,58,2757,184,171,335,3447,9
2002-11,192,2761,190,185,316,3452,9
2002-12,182,2751,190,161,337,3439,10
2003-01,40,2757,195,187,307,3446,9
2003-02,102,2762,180,167,344,3453,10
2003-03,146,2688,193,184,295,3360,9
2003-04,96,2690,194,171,308,3363,9
2003-05,174,2705,196,182,298,3381,9
2003-06,80,2701,176,143,357,3377,10
2003-07,160,2724,169,131,381,3405,10
2003-08,54,2746,166,118,403,3433,10
2003-09,118,2705,165,121,391,3382,10
2003-10,136,2712,183,95,400,3390,10
2003-11,134,2736,170,107,407,3420,10
2003-12,132,2775,174,102,418,3469,10
2004-01,138,2797,199,105,395,3496,10
2004-02,106,2799,172,84,444,3499,10
2004-03,142,2737,135,108,442,3422,10
2004-04,100,2753,197,101,391,3442,10
2004-05,48,2781,159,128,409,3477,10
2004-06,120,2766,157,129,406,3458,10
2004-07,144,2784,146,136,414,3480,10
2004-08,196,2809,161,156,385,3511,10
2004-09,144,2777,161,144,389,3471,10
2004-10,114,2789,183,126,388,3486,10
2004-11,102,2799,157,150,393,3499,10
2004-12,32,2821,182,145,378,3526,10
2005-01,162,2824,195,93,418,3530,10
2005-02,18,2825,191,106,409,3531,10
2005-03,124,2751,173,128,387,3439,10
2005-04,182,2753,169,139,380,3441,10
2005-05,68,2761,160,128,402,3451,10
2005-06,124,2719,170,150,360,3399,10
2005-07,154,2718,187,121,372,3398,10
2005-08,96,2724,153,113,415,3405,10
2005-09,58,2663,175,111,380,3329,10
2005-10,32,2660,181,107,377,3325,10
2005-11,106,2662,173,109,384,3328,10
2005-12,126,2683,167,150,354,3354,10
2006-01,124,2688,147,95,430,3360,10
2006-02,76,2689,189,132,352,3362,10
2006-03,128,2624,184,137,335,3280,10
2006-04,106,2624,185,101,370,3280,10
2006-05,82,2629,172,116,369,3286,10
2006-06,8,2601,184,124,343,3252,10
2006-07,64,2606,200,138,314,3258,10
2006-08,60,2613,171,106,376,3266,10
2006-09,76,2553,169,105,364,3191,10
2006-10,148,2553,140,135,364,3192,10
2006-11,80,2561,151,149,341,3202,10
2006-12,150,2559,177,139,324,3199,10
2007-01,104,2561,208,115,317,3201,10
2007-02,112,2565,163,105,374,3207,10
2007-03,142,2481,154,133,334,3102,10
2007-04,16,2481,131,104,385,3101,10
2007-05,82,2477,142,108,370,3097,10
2007-06,12,2429,162,123,322,3036,10
2007-07,10,2431,146,114,348,3039,10
2007-08,28,2434,162,113,334,3043,10
2007-09,116,2398,184,130,286,2998,10
2007-10,134,2401,142,132,326,3001,10
2007-11,84,2403,172,115,314,3004,10
2007-12,86,2401,203,117,280,3001,9
2008-01,178,2411,197,127,279,3014,8
2008-02,112,2418,197,144,264,3023,10
2008-03,144,2374,157,132,305,2968,10
2008-04,96,2381,171,141,283,2976,10
2008-05,60,2385,203,130,263,2981,10
2008-06,62,2370,214,131,248,2963,10
2008-07,94,2386,188,105,304,2983,9
2008-08,48,2397,169,109,322,2997,10
2008-09,110,2353,188,148,252,2941,10
2008-10,110,2355,185,140,264,2944,9
2008-11,162,2366,197,136,259,2958,9
2008-12,48,2134,185,151,198,2668,8
2009-01,164,2150,202,141,195,2688,6
2009-02,128,2153,169,154,215,2691,9
2009-03,146,2348,198,108,281,2935,9
2009-04,148,2348,197,119,271,2935,9
2009-05,78,2353,146,135,308,2942,9
2009-06,116,2334,180,109,295,2918,9
2009-07,46,2353,201,135,253,2942,9
2009-08,70,2364,166,123,302,2955,10
2009-09,14,2336,147,109,328,2920,9
2009-10,20,2339,159,99,327,2924,10
2009-11,60,2344,134,115,337,2930,10
2009-12,16,2184,155,145,246,2730,10
2010-01,116,2195,161,139,249,2744,10
2010-02,30,2200,158,135,257,2750,10
2010-03,58,2126,134,127,271,2658,10
2010-04,58,2129,139,138,256,2662,10
2010-05,30,2137,150,121,264,2672,10
2010-06,50,2112,137,96,295,2640,10
2010-07,104,2122,131,130,270,2653,10
2010-08,46,2130,150,139,244,2663,10
2010-09,58,2091,140,118,265,2614,10
2010-10,40,2090,146,128,249,2613,10
2010-11,12,2101,145,132,248,2626,10
2010-12,2,2135,146,113,275,2669,10
2011-01,62,2144,162,134,240,2680,10
2011-02,34,2149,157,123,258,2687,10
2011-03,110,2276,128,126,315,2845,10
2011-04,20,2283,134,119,318,2854,10
2011-05,76,2288,139,84,349,2860,10
2011-06,64,2267,146,109,312,2834,10
2011-07,24,2281,167,121,282,2851,10
2011-08,138,2292,136,133,304,2865,10
2011-09,70,2264,137,126,303,2830,10
2011-10,42,2265,138,104,325,2832,10
2011-11,8,2276,159,85,325,2845,10
2011-12,2,2055,183,159,172,2569,6
2012-01,110,2066,168,161,188,2583,8
2012-02,84,2066,154,151,212,2583,10
2012-03,2,2222,158,140,258,2778,10
2012-04,122,2226,199,141,217,2783,8
2012-05,46,2229,169,156,232,2786,10
2012-06,142,2208,175,160,217,2760,10
2012-07,14,2214,168,141,245,2768,8
2012-08,50,2217,185,114,256,2772,8
2012-09,88,2202,155,142,254,2753,10
2012-10,44,2199,180,145,225,2749,10
2012-11,156,2200,180,143,227,2750,8
2012-12,24,2200,193,160,197,2750,8
2013-01,160,2201,181,150,219,2751,8
2013-02,40,2201,177,149,225,2752,8
2013-03,42,2144,161,116,259,2680,8
2013-04,30,2141,165,128,242,2676,8
2013-05,16,2141,162,135,239,2677,8
2013-06,62,2123,169,100,262,2654,8
2013-07,14,2124,166,124,241,2655,8
2013-08,38,2126,172,136,224,2658,8
2013-09,58,2086,160,127,235,2608,8
2013-10,18,2093,148,136,240,2617,10
2013-11,136,2101,149,125,251,2626,10
2013-12,6,2124,163,136,232,2655,10
2014-01,130,2129,175,143,215,2662,8
2014-02,120,2132,155,149,229,2665,8
2014-03,156,2096,172,115,237,2620,10
2014-04,44,2108,152,148,227,2635,8
2014-05,108,2114,155,148,226,2643,8
2014-06,114,2098,166,139,220,2623,8
2014-07,90,2105,166,128,232,2631,8
2014-08,26,2112,158,146,224,2640,10
2014-09,122,2082,146,145,230,2603,8
2014-10,116,2081,155,135,230,2601,8
2014-11,86,2083,171,125,225,2604,8
2014-12,118,2098,181,113,231,2623,8
2015-01,64,2112,185,119,224,2640,8
2015-02,96,2113,174,103,252,2642,8
2015-03,46,2086,170,105,247,2608,9
2015-04,18,2090,167,123,233,2613,8
2015-05,52,2094,166,122,236,2618,8
2015-06,40,2067,191,125,201,2584,8
2015-07,42,2068,170,105,242,2585,8
2015-08,12,2078,153,137,230,2598,8
2015-09,104,2030,169,122,217,2538,7
2015-10,28,2030,181,104,223,2538,7
2015-11,70,2033,125,102,282,2542,10
2015-12,46,2025,181,105,221,2532,7
2016-01,92,2026,141,97,269,2533,8
2016-02,48,2029,185,90,232,2536,8
2016-03,58,1995,182,98,219,2494,8
2016-04,146,2005,165,104,233,2507,8
2016-05,42,2009,165,127,211,2512,8
2016-06,10,1986,127,114,256,2483,8
2016-07,18,1988,179,104,214,2485,8
2016-08,62,1995,170,106,223,2494,7
2016-09,34,1963,175,129,187,2454,7
2016-10,42,1965,155,122,215,2457,8
2016-11,84,1977,164,105,225,2471,8
2016-12,10,1974,176,91,227,2468,7
2017-01,20,1976,162,121,211,2470,7
2017-02,16,1978,158,114,223,2473,7
2017-03,106,1929,138,119,225,2411,7
2017-04,40,1932,161,99,223,2415,8
2017-05,12,1941,148,98,239,2426,8
2017-06,6,1912,154,108,216,2390,7
2017-07,18,1921,151,126,204,2402,8
2017-08,14,1928,144,102,236,2410,8
2017-09,32,1906,127,100,250,2383,8
2017-10,66,1918,140,87,253,2398,8
2017-11,74,1929,117,116,250,2412,8
2017-12,44,1946,117,108,262,2433,10
2018-01,56,1949,127,78,283,2437,8
2018-02,16,1961,133,85,272,2451,10
2018-03,74,1913,138,80,260,2391,10
2018-04,78,1929,130,92,260,2411,10
2018-05,104,1943,141,81,264,2429,10
2018-06,32,1923,140,90,251,2404,8
2018-07,18,1932,133,90,260,2415,10
2018-08,104,1947,157,88,242,2434,8
2018-09,36,1916,143,96,240,2395,10
2018-10,8,1922,112,108,261,2403,10
2018-11,32,1933,159,93,231,2416,8
2018-12,82,1945,138,99,250,2432,8
2019-01,46,1952,138,88,262,2440,8
2019-02,40,1956,161,83,245,2445,8
2019-03,12,1888,132,100,240,2360,8
2019-04,10,1887,125,106,241,2359,10
2019-05,28,1889,163,90,220,2362,8
2019-06,16,1886,157,103,212,2358,8
2019-07,16,1893,174,105,195,2367,8
2019-08,2,1917,143,86,250,2396,9
2019-09,28,1890,133,77,263,2363,10
2019-10,12,1893,174,76,224,2367,8
2019-11,12,1900,149,79,247,2375,8
2019-12,12,1913,136,115,227,2391,8
2020-01,16,1917,176,94,209,2396,8
2020-02,60,1916,164,94,221,2395,8
2020-03,114,1859,144,86,235,2324,8
2020-04,120,1855,178,91,195,2319,9
2020-05,42,1855,159,80,225,2319,8
2020-06,36,1842,149,84,228,2303,9
2020-07,18,1839,129,89,242,2299,8
2020-08,68,1839,141,93,226,2299,9
2020-09,56,1817,142,92,221,2272,9
2020-10,10,1816,137,87,230,2270,9
2020-11,16,1816,103,86,265,2270,10
2020-12,28,1821,127,105,223,2276,8
2021-01,38,1819,112,107,236,2274,10
2021-02,104,1818,159,77,219,2273,10
2021-03,38,1765,87,84,270,2206,10
2021-04,48,1764,81,78,282,2205,10
2021-05,38,1763,88,77,276,2204,10
2021-06,58,1737,101,78,255,2171,10
2021-07,58,1733,103,92,238,2166,10
2021-08,102,1734,105,91,238,2168,10
2021-09,98,1715,114,84,231,2144,10
2021-10,52,1715,98,97,234,2144,10
2021-11,108,1714,97,85,247,2143,10
2021-12,92,1724,100,96,235,2155,10
2022-01,98,1724,105,69,257,2155,10
2022-02,124,1724,126,74,231,2155,10
2022-03,20,1667,99,78,240,2084,10
2022-04,20,1665,105,87,225,2082,10
2022-05,8,1665,93,81,242,2081,10
2022-06,52,1649,114,75,224,2062,10
2022-07,22,1529,145,126,111,1911,8
2022-08,48,1476,162,108,99,1845,7
