month,invested,outlier,first,second,rest,total,number of clusters
1990-01,112,1562,194,98,99,1953,37
1990-02,72,1566,163,101,128,1958,37
1990-03,122,1537,179,75,130,1921,48
1990-04,138,1541,131,77,178,1927,37
1990-05,92,1561,150,100,140,1951,37
1990-06,122,1575,174,63,157,1969,37
1990-07,136,1585,183,71,142,1981,37
1990-08,110,1607,129,76,197,2009,37
1990-09,30,1604,119,88,194,2005,35
1990-10,2,1617,140,80,184,2021,37
1990-11,150,1629,155,121,132,2037,48
1990-12,84,1701,63,52,310,2126,47
1991-01,98,1719,76,61,293,2149,47
1991-02,108,1733,73,57,303,2166,47
1991-03,114,1689,82,59,282,2112,47
1991-04,100,1711,61,54,313,2139,48
1991-05,48,1727,66,58,308,2159,47
1991-06,110,1746,76,64,297,2183,47
1991-07,22,1773,55,53,335,2216,47
1991-08,94,1792,91,58,299,2240,47
1991-09,124,1775,97,77,270,2219,47
1991-10,72,1784,68,65,313,2230,47
1991-11,86,1786,88,53,306,2233,48
1991-12,14,1836,92,56,311,2295,47
1992-01,128,1830,76,53,329,2288,47
1992-02,88,1827,74,72,311,2284,50
1992-03,14,1785,72,57,318,2232,50
1992-04,96,1789,78,55,315,2237,50
1992-05,116,1795,97,54,298,2244,50
1992-06,42,1821,62,60,333,2276,50
1992-07,102,1836,75,54,330,2295,50
1992-08,60,1844,83,53,325,2305,47
1992-09,104,1823,71,59,326,2279,50
1992-10,110,1827,71,61,325,2284,47
1992-11,100,1835,89,60,310,2294,47
1992-12,2,1879,76,67,327,2349,47
1993-01,122,1874,66,62,341,2343,49
1993-02,116,1886,66,65,341,2358,50
1993-03,126,1834,85,48,326,2293,50
1993-04,122,1845,77,53,331,2306,50
1993-05,104,1851,73,50,340,2314,47
1993-06,82,1853,79,54,331,2317,47
1993-07,24,1867,73,63,331,2334,49
1993-08,130,1871,71,70,327,2339,47
1993-09,120,1841,73,57,331,2302,49
1993-10,90,1845,101,56,304,2306,47
1993-11,114,1852,82,62,319,2315,47
1993-12,30,1900,64,62,349,2375,50
1994-01,118,1912,67,65,346,2390,47
1994-02,116,1911,74,61,343,2389,49
1994-03,120,1865,93,51,322,2331,50
1994-04,100,1868,57,47,363,2335,50
1994-05,88,1884,82,49,340,2355,50
1994-06,92,1876,88,57,324,2345,47
1994-07,126,1892,72,62,339,2365,50
1994-08,94,1905,86,63,328,2382,50
1994-09,74,1879,65,63,342,2349,50
1994-10,66,1873,65,61,342,2341,49
1994-11,88,1869,76,66,326,2337,50
1994-12,104,1901,87,72,316,2376,49
1995-01,156,1905,91,77,309,2382,47
1995-02,152,1904,84,66,326,2380,47
1995-03,138,1881,82,69,319,2351,47
1995-04,104,1887,84,71,317,2359,47
1995-05,122,1902,97,75,304,2378,47
1995-06,62,1877,82,67,321,2347,47
1995-07,82,1897,86,66,323,2372,47
1995-08,136,1916,72,70,337,2395,47
1995-09,112,1905,95,69,313,2382,47
1995-10,142,1914,83,64,332,2393,47
1995-11,134,1933,81,79,323,2416,47
1995-12,124,2137,65,64,406,2672,42
1996-01,124,2149,87,74,376,2686,47
1996-02,112,2166,80,67,395,2708,47
1996-03,128,1995,79,62,358,2494,47
1996-04,42,2029,95,78,335,2537,47
1996-05,114,2048,82,64,366,2560,47
1996-06,108,2061,89,62,364,2576,49
1996-07,162,2293,88,85,401,2867,47
1996-08,60,2316,100,73,406,2895,50
1996-09,146,2246,112,69,381,2808,50
1996-10,152,2265,123,64,380,2832,50
1996-11,120,2289,87,78,407,2861,50
1996-12,120,2388,95,87,415,2985,50
1997-01,94,2393,79,76,443,2991,49
1997-02,142,2393,82,79,437,2991,50
1997-03,162,2277,100,97,373,2847,47
1997-04,86,2316,109,86,384,2895,47
1997-05,160,2323,86,76,419,2904,47
1997-06,142,2344,103,89,394,2930,47
1997-07,132,2372,105,90,398,2965,47
1997-08,156,2401,80,77,443,3001,49
1997-09,186,2350,83,78,427,2938,48
1997-10,148,2370,106,85,402,2963,42
1997-11,126,2383,93,92,411,2979,47
1997-12,62,2509,77,75,475,3136,49
1998-01,114,2549,78,66,494,3187,49
1998-02,104,2573,78,64,502,3217,50
1998-03,58,2544,71,70,495,3180,49
1998-04,58,2561,85,62,493,3201,49
1998-05,104,2576,77,76,491,3220,49
1998-06,104,2530,98,76,459,3163,49
1998-07,126,2534,73,71,490,3168,49
1998-08,194,2541,103,65,468,3177,49
1998-09,192,2493,82,72,469,3116,49
1998-10,146,2499,76,62,487,3124,49
1998-11,94,2517,62,53,514,3146,50
1998-12,134,2516,73,56,500,3145,49
1999-01,92,2525,59,56,516,3156,49
1999-02,86,2529,86,70,476,3161,50
1999-03,138,2653,81,75,508,3317,49
1999-04,168,2653,90,73,500,3316,50
1999-05,60,2651,89,71,503,3314,49
1999-06,128,2615,69,64,521,3269,49
1999-07,70,2637,71,68,521,3297,49
1999-08,98,2651,88,65,510,3314,49
1999-09,156,2649,85,83,495,3312,47
1999-10,160,2674,106,67,496,3343,49
1999-11,128,2713,82,79,517,3391,49
1999-12,130,2862,95,66,555,3578,49
2000-01,144,2887,83,64,575,3609,49
2000-02,102,2886,93,76,553,3608,49
2000-03,140,2449,94,83,435,3061,49
2000-04,28,2465,64,60,493,3082,49
2000-05,100,2488,76,66,480,3110,50
2000-06,144,2457,97,83,434,3071,50
2000-07,150,2481,90,87,444,3102,49
2000-08,182,2497,102,88,435,3122,50
2000-09,160,2436,108,75,426,3045,50
2000-10,166,2451,115,98,400,3064,50
2000-11,158,2477,83,66,470,3096,50
2000-12,160,2863,82,79,555,3579,49
2001-01,146,2869,100,78,540,3587,49
2001-02,146,2885,96,77,548,3606,47
2001-03,196,2769,97,67,528,3461,47
2001-04,96,2775,82,72,540,3469,50
2001-05,56,2783,101,74,521,3479,47
2001-06,136,2755,109,88,492,3444,50
2001-07,142,2759,90,77,523,3449,50
2001-08,46,2781,111,100,485,3477,50
2001-09,118,2701,106,101,469,3377,48
2001-10,134,2725,70,67,544,3406,49
2001-11,190,2753,68,67,554,3442,49
2001-12,6,2797,76,70,553,3496,49
2002-01,154,2814,92,73,539,3518,49
2002-02,110,2825,80,60,567,3532,49
2002-03,120,2740,112,61,512,3425,49
2002-04,158,2761,83,78,530,3452,49
2002-05,158,2788,93,65,539,3485,49
2002-06,120,2773,65,61,567,3466,42
2002-07,74,2798,72,67,561,3498,47
2002-08,148,2820,74,65,566,3525,49
2002-09,118,2756,67,64,558,3445,49
2002-10,26,2757,88,67,535,3447,49
2002-11,172,2761,69,68,554,3452,47
2002-12,150,2751,61,60,567,3439,49
2003-01,14,2757,68,51,570,3446,49
2003-02,80,2762,71,70,550,3453,49
2003-03,134,2688,68,66,538,3360,49
2003-04,70,2690,69,64,540,3363,49
2003-05,108,2705,107,77,492,3381,49
2003-06,56,2701,75,65,536,3377,50
2003-07,166,2724,93,92,496,3405,50
2003-08,68,2746,89,86,512,3433,50
2003-09,102,2705,98,85,494,3382,50
2003-10,148,2712,94,65,519,3390,50
2003-11,122,2736,93,90,501,3420,50
2003-12,106,2775,96,79,519,3469,50
2004-01,118,2797,88,76,535,3496,50
2004-02,92,2799,83,79,538,3499,50
2004-03,142,2737,79,70,536,3422,50
2004-04,102,2753,68,57,564,3442,50
2004-05,40,2781,79,63,554,3477,50
2004-06,110,2766,84,73,535,3458,50
2004-07,146,2784,75,70,551,3480,50
2004-08,158,2809,88,60,554,3511,50
2004-09,130,2777,72,67,555,3471,50
2004-10,118,2789,91,68,538,3486,50
2004-11,98,2799,72,70,558,3499,50
2004-12,24,2821,86,73,546,3526,47
2005-01,154,2824,83,72,551,3530,50
2005-02,22,2825,83,77,546,3531,48
2005-03,130,2751,81,65,542,3439,50
2005-04,168,2753,89,84,515,3441,49
2005-05,76,2761,83,80,527,3451,47
2005-06,142,2719,88,73,519,3399,47
2005-07,140,2718,82,75,523,3398,47
2005-08,102,2724,82,77,522,3405,47
2005-09,78,2663,80,68,518,3329,47
2005-10,40,2660,70,64,531,3325,49
2005-11,132,2662,83,78,505,3328,49
2005-12,114,2683,90,62,519,3354,49
2006-01,138,2688,84,73,515,3360,49
2006-02,86,2689,89,85,499,3362,47
2006-03,98,2624,78,72,506,3280,49
2006-04,112,2624,88,86,482,3280,49
2006-05,78,2629,80,72,505,3286,49
2006-06,14,2601,88,85,478,3252,49
2006-07,86,2606,91,66,495,3258,49
2006-08,90,2613,63,59,531,3266,49
2006-09,80,2553,89,67,482,3191,49
2006-10,142,2553,105,74,460,3192,50
2006-11,80,2561,85,82,474,3202,49
2006-12,134,2559,83,68,489,3199,49
2007-01,90,2561,78,73,489,3201,49
2007-02,140,2565,80,76,486,3207,49
2007-03,160,2481,69,65,487,3102,49
2007-04,20,2481,66,62,492,3101,49
2007-05,88,2477,75,69,476,3097,49
2007-06,24,2429,91,84,432,3036,49
2007-07,16,2431,94,73,441,3039,49
2007-08,30,2434,97,77,435,3043,49
2007-09,146,2398,88,78,434,2998,49
2007-10,134,2401,105,92,403,3001,49
2007-11,102,2403,88,84,429,3004,49
2007-12,98,2401,96,95,409,3001,49
2008-01,198,2411,107,95,401,3014,49
2008-02,124,2418,100,84,421,3023,42
2008-03,182,2374,92,91,411,2968,49
2008-04,136,2381,92,85,418,2976,49
2008-05,86,2385,96,80,420,2981,49
2008-06,70,2370,108,96,389,2963,49
2008-07,94,2386,88,87,422,2983,49
2008-08,66,2397,95,66,439,2997,49
2008-09,106,2353,106,80,402,2941,49
2008-10,106,2355,86,83,420,2944,47
2008-11,158,2366,128,96,368,2958,49
2008-12,32,2134,97,77,360,2668,49
2009-01,134,2150,79,77,382,2688,47
2009-02,124,2153,89,80,369,2691,49
2009-03,140,2348,82,79,426,2935,47
2009-04,158,2348,80,73,434,2935,42
2009-05,118,2353,109,91,389,2942,48
2009-06,156,2334,86,76,422,2918,47
2009-07,36,2353,102,90,397,2942,47
2009-08,94,2364,84,76,431,2955,49
2009-09,16,2336,70,65,449,2920,49
2009-10,28,2339,86,70,429,2924,48
2009-11,102,2344,100,69,417,2930,48
2009-12,18,2184,101,72,373,2730,49
2010-01,94,2195,97,82,370,2744,49
2010-02,34,2200,110,71,369,2750,49
2010-03,74,2126,98,70,364,2658,49
2010-04,68,2129,112,68,353,2662,49
2010-05,22,2137,80,73,382,2672,49
2010-06,62,2112,117,79,332,2640,50
2010-07,108,2122,97,91,343,2653,49
2010-08,48,2130,112,71,350,2663,48
2010-09,76,2091,89,71,363,2614,49
2010-10,50,2090,93,82,348,2613,48
2010-11,20,2101,115,65,345,2626,48
2010-12,10,2135,81,65,388,2669,49
2011-01,78,2144,115,72,349,2680,48
2011-02,38,2149,102,75,361,2687,49
2011-03,118,2276,99,78,392,2845,42
2011-04,24,2283,112,75,384,2854,49
2011-05,104,2288,79,75,418,2860,49
2011-06,84,2267,98,83,386,2834,49
2011-07,30,2281,117,82,371,2851,47
2011-08,164,2292,96,93,384,2865,49
2011-09,82,2264,90,78,398,2830,49
2011-10,58,2265,110,82,375,2832,49
2011-11,8,2276,87,84,398,2845,49
2011-12,2,2055,109,80,325,2569,49
2012-01,94,2066,111,74,332,2583,49
2012-02,112,2066,97,56,364,2583,49
2012-03,4,2222,87,77,392,2778,49
2012-04,144,2226,82,81,394,2783,49
2012-05,70,2229,90,77,390,2786,49
2012-06,166,2208,88,85,379,2760,48
2012-07,16,2214,111,96,347,2768,47
2012-08,40,2217,104,86,365,2772,49
2012-09,124,2202,84,72,395,2753,48
2012-10,58,2199,94,87,369,2749,42
2012-11,200,2200,114,91,345,2750,47
2012-12,24,2200,92,91,367,2750,48
2013-01,176,2201,97,68,385,2751,48
2013-02,62,2201,95,77,379,2752,48
2013-03,54,2144,85,82,369,2680,48
2013-04,42,2141,94,87,354,2676,47
2013-05,14,2141,83,81,372,2677,42
2013-06,68,2123,99,83,349,2654,47
2013-07,12,2124,101,83,347,2655,47
2013-08,42,2126,94,86,352,2658,42
2013-09,72,2086,103,80,339,2608,48
2013-10,18,2093,85,81,358,2617,42
2013-11,166,2101,90,74,361,2626,47
2013-12,6,2124,93,69,369,2655,48
2014-01,150,2129,100,92,341,2662,47
2014-02,118,2132,112,83,338,2665,49
2014-03,138,2096,104,61,359,2620,47
2014-04,36,2108,83,68,376,2635,49
2014-05,102,2114,101,96,332,2643,47
2014-06,90,2098,95,88,342,2623,49
2014-07,90,2105,95,82,349,2631,48
2014-08,36,2112,88,85,355,2640,48
2014-09,130,2082,102,83,336,2603,49
2014-10,150,2081,114,82,324,2601,48
2014-11,96,2083,75,74,372,2604,49
2014-12,116,2098,89,86,350,2623,42
2015-01,54,2112,89,85,354,2640,42
2015-02,94,2113,89,77,363,2642,48
2015-03,48,2086,84,83,355,2608,48
2015-04,26,2090,97,94,332,2613,48
2015-05,58,2094,109,79,336,2618,48
2015-06,24,2067,104,91,322,2584,48
2015-07,44,2068,110,81,326,2585,42
2015-08,16,2078,106,99,315,2598,42
2015-09,102,2030,83,75,350,2538,47
2015-10,28,2030,83,62,363,2538,47
2015-11,104,2033,107,68,334,2542,48
2015-12,46,2025,76,69,362,2532,47
2016-01,96,2026,91,78,338,2533,47
2016-02,40,2029,74,64,369,2536,47
2016-03,54,1995,78,74,347,2494,47
2016-04,124,2005,91,78,333,2507,49
2016-05,46,2009,77,58,368,2512,49
2016-06,20,1986,101,95,301,2483,47
2016-07,18,1988,108,85,304,2485,47
2016-08,70,1995,82,80,337,2494,47
2016-09,34,1963,83,71,337,2454,47
2016-10,34,1965,85,66,341,2457,48
2016-11,78,1977,72,68,354,2471,47
2016-12,8,1974,75,74,345,2468,42
2017-01,18,1976,76,61,357,2470,42
2017-02,18,1978,92,73,330,2473,42
2017-03,130,1929,81,74,327,2411,42
2017-04,52,1932,95,74,314,2415,42
2017-05,12,1941,84,61,340,2426,47
2017-06,12,1912,79,68,331,2390,42
2017-07,26,1921,73,61,347,2402,47
2017-08,20,1928,70,67,345,2410,47
2017-09,50,1906,82,64,331,2383,47
2017-10,74,1918,73,67,340,2398,47
2017-11,104,1929,73,64,346,2412,47
2017-12,78,1946,71,62,354,2433,47
2018-01,86,1949,75,65,348,2437,42
2018-02,20,1961,62,54,374,2451,47
2018-03,92,1913,89,63,326,2391,47
2018-04,92,1929,63,60,359,2411,47
2018-05,114,1943,97,71,318,2429,47
2018-06,34,1923,85,75,321,2404,42
2018-07,16,1932,82,74,327,2415,47
2018-08,98,1947,73,71,343,2434,47
2018-09,26,1916,78,66,335,2395,42
2018-10,14,1922,82,70,329,2403,47
2018-11,32,1933,59,58,366,2416,47
2018-12,118,1945,68,66,353,2432,42
2019-01,60,1952,56,50,382,2440,47
2019-02,40,1956,75,64,350,2445,42
2019-03,20,1888,69,62,341,2360,47
2019-04,16,1887,77,64,331,2359,47
2019-05,26,1889,88,67,318,2362,47
2019-06,16,1886,85,66,321,2358,42
2019-07,16,1893,63,59,352,2367,42
2019-08,26,1917,80,60,339,2396,47
2019-09,26,1890,71,55,347,2363,47
2019-10,8,1893,56,53,365,2367,47
2019-11,18,1900,95,74,306,2375,47
2019-12,20,1913,70,61,347,2391,47
2020-01,16,1917,80,60,339,2396,47
2020-02,62,1916,88,81,310,2395,42
2020-03,140,1859,68,53,344,2324,42
2020-04,116,1855,75,68,321,2319,47
2020-05,40,1855,85,73,306,2319,47
2020-06,32,1842,77,73,311,2303,42
2020-07,26,1839,82,81,297,2299,47
2020-08,82,1839,87,76,297,2299,42
2020-09,74,1817,81,73,301,2272,47
2020-10,12,1816,93,71,290,2270,42
2020-11,26,1816,75,69,310,2270,47
2020-12,26,1821,73,67,315,2276,47
2021-01,48,1819,79,68,308,2274,47
2021-02,124,1818,79,71,305,2273,47
2021-03,48,1765,61,59,321,2206,47
2021-04,38,1764,67,66,308,2205,47
2021-05,48,1763,72,69,300,2204,47
2021-06,66,1737,72,67,295,2171,42
2021-07,74,1733,80,69,284,2166,47
2021-08,112,1734,83,56,295,2168,47
2021-09,120,1715,89,71,269,2144,47
2021-10,56,1715,96,76,257,2144,47
2021-11,142,1714,82,79,268,2143,42
2021-12,98,1724,74,68,289,2155,47
2022-01,128,1724,76,57,298,2155,47
2022-02,116,1724,66,53,312,2155,47
2022-03,18,1667,61,57,299,2084,47
2022-04,22,1665,62,52,303,2082,47
2022-05,8,1665,54,50,312,2081,42
2022-06,56,1649,67,50,296,2062,42
2022-07,36,1529,140,78,164,1911,48
2022-08,48,1476,73,60,236,1845,48
