month,invested,outlier,first,second,rest,total,number of clusters
1990-01,346,196,256,206,1295,1953,47
1990-02,186,196,248,227,1287,1958,52
1990-03,382,193,191,150,1387,1921,59
1990-04,374,193,180,176,1378,1927,52
1990-05,232,196,254,189,1312,1951,59
1990-06,358,197,264,209,1299,1969,52
1990-07,382,199,275,222,1285,1981,52
1990-08,312,201,208,178,1422,2009,52
1990-09,54,201,256,235,1313,2005,52
1990-10,4,203,293,245,1280,2021,52
1990-11,440,204,276,211,1346,2037,51
1990-12,306,213,136,134,1643,2126,59
1991-01,378,215,134,131,1669,2149,59
1991-02,334,217,104,102,1743,2166,59
1991-03,388,212,120,99,1681,2112,56
1991-04,440,214,109,103,1713,2139,56
1991-05,134,216,110,108,1725,2159,59
1991-06,372,219,108,106,1750,2183,59
1991-07,64,222,128,102,1764,2216,59
1991-08,244,224,160,113,1743,2240,57
1991-09,390,222,114,100,1783,2219,59
1991-10,200,223,128,115,1764,2230,59
1991-11,270,224,134,122,1753,2233,56
1991-12,22,230,123,120,1822,2295,57
1992-01,296,229,117,105,1837,2288,58
1992-02,320,229,117,108,1830,2284,56
1992-03,28,224,106,103,1799,2232,59
1992-04,412,224,141,121,1751,2237,60
1992-05,454,225,112,104,1803,2244,59
1992-06,132,228,124,108,1816,2276,59
1992-07,450,230,122,110,1833,2295,59
1992-08,164,231,143,130,1801,2305,59
1992-09,418,228,100,99,1852,2279,59
1992-10,434,229,119,113,1823,2284,59
1992-11,244,230,146,138,1780,2294,59
1992-12,2,235,123,116,1875,2349,59
1993-01,410,235,128,120,1860,2343,59
1993-02,372,236,117,115,1890,2358,59
1993-03,450,230,108,105,1850,2293,59
1993-04,450,231,120,96,1859,2306,56
1993-05,324,232,149,123,1810,2314,59
1993-06,328,232,136,121,1828,2317,59
1993-07,68,234,116,115,1869,2334,59
1993-08,414,234,125,122,1858,2339,54
1993-09,390,231,122,109,1840,2302,56
1993-10,358,231,126,114,1835,2306,59
1993-11,358,232,137,107,1839,2315,57
1993-12,70,238,114,108,1915,2375,59
1994-01,398,239,129,125,1897,2390,57
1994-02,470,239,125,112,1913,2389,59
1994-03,462,234,117,107,1873,2331,59
1994-04,474,234,112,100,1889,2335,59
1994-05,340,236,120,118,1881,2355,59
1994-06,364,235,113,109,1888,2345,59
1994-07,500,237,111,109,1908,2365,59
1994-08,366,239,138,131,1874,2382,59
1994-09,248,235,119,113,1882,2349,59
1994-10,212,235,117,101,1888,2341,59
1994-11,388,234,120,116,1867,2337,59
1994-12,316,238,120,108,1910,2376,59
1995-01,446,239,125,113,1905,2382,57
1995-02,454,238,147,137,1858,2380,59
1995-03,464,236,145,134,1836,2351,57
1995-04,352,236,132,129,1862,2359,59
1995-05,360,238,130,129,1881,2378,59
1995-06,196,235,130,128,1854,2347,57
1995-07,210,238,130,118,1886,2372,59
1995-08,394,240,128,111,1916,2395,59
1995-09,420,239,133,108,1902,2382,59
1995-10,484,240,117,109,1927,2393,59
1995-11,492,242,123,108,1943,2416,58
1995-12,530,268,160,149,2095,2672,56
1996-01,454,269,137,130,2150,2686,59
1996-02,352,271,143,136,2158,2708,59
1996-03,462,250,130,118,1996,2494,59
1996-04,120,254,147,127,2009,2537,59
1996-05,430,256,143,133,2028,2560,56
1996-06,492,258,147,129,2042,2576,60
1996-07,618,287,139,135,2306,2867,59
1996-08,198,290,166,139,2300,2895,57
1996-09,508,281,136,128,2263,2808,59
1996-10,542,284,185,161,2202,2832,56
1996-11,312,287,145,141,2288,2861,59
1996-12,522,299,157,134,2395,2985,59
1997-01,284,300,153,142,2396,2991,58
1997-02,544,300,185,146,2360,2991,59
1997-03,518,285,142,131,2289,2847,59
1997-04,278,290,159,138,2308,2895,59
1997-05,548,291,155,148,2310,2904,59
1997-06,490,293,155,144,2338,2930,59
1997-07,468,297,179,171,2318,2965,57
1997-08,538,301,154,144,2402,3001,59
1997-09,538,294,158,156,2330,2938,59
1997-10,488,297,163,158,2345,2963,59
1997-11,390,298,164,156,2361,2979,59
1997-12,292,314,124,117,2581,3136,59
1998-01,418,319,129,125,2614,3187,59
1998-02,418,322,151,127,2617,3217,59
1998-03,192,318,128,125,2609,3180,59
1998-04,196,321,139,118,2623,3201,59
1998-05,342,322,135,132,2631,3220,59
1998-06,370,317,159,133,2554,3163,59
1998-07,474,317,136,132,2583,3168,59
1998-08,804,318,176,134,2549,3177,59
1998-09,684,312,124,114,2566,3116,59
1998-10,588,313,138,132,2541,3124,59
1998-11,376,315,173,135,2523,3146,59
1998-12,422,315,146,121,2563,3145,59
1999-01,346,316,155,119,2566,3156,59
1999-02,336,317,126,112,2606,3161,59
1999-03,592,332,168,144,2673,3317,59
1999-04,570,332,128,126,2730,3316,59
1999-05,190,332,183,166,2633,3314,59
1999-06,556,327,179,159,2604,3269,59
1999-07,296,330,169,166,2632,3297,57
1999-08,372,332,177,149,2656,3314,57
1999-09,580,332,190,157,2633,3312,59
1999-10,564,335,172,147,2689,3343,59
1999-11,432,340,193,150,2708,3391,60
1999-12,496,358,174,151,2895,3578,59
2000-01,594,361,143,141,2964,3609,59
2000-02,464,361,173,169,2905,3608,57
2000-03,648,307,160,145,2449,3061,52
2000-04,104,309,149,125,2499,3082,59
2000-05,394,311,157,125,2517,3110,59
2000-06,550,308,164,143,2456,3071,56
2000-07,638,311,139,120,2532,3102,59
2000-08,588,313,147,118,2544,3122,59
2000-09,682,305,167,164,2409,3045,56
2000-10,690,307,172,171,2414,3064,59
2000-11,610,310,142,104,2540,3096,59
2000-12,716,358,205,154,2862,3579,59
2001-01,540,359,198,140,2890,3587,60
2001-02,574,361,182,150,2913,3606,58
2001-03,714,347,159,147,2808,3461,59
2001-04,416,347,186,175,2761,3469,59
2001-05,174,348,178,142,2811,3479,59
2001-06,482,345,140,139,2820,3444,58
2001-07,574,345,157,139,2808,3449,59
2001-08,220,348,152,147,2830,3477,59
2001-09,538,338,167,138,2734,3377,59
2001-10,434,341,174,144,2747,3406,59
2001-11,682,345,145,124,2828,3442,59
2001-12,24,350,163,148,2835,3496,59
2002-01,604,352,180,156,2830,3518,59
2002-02,486,354,186,144,2848,3532,59
2002-03,556,343,162,146,2774,3425,60
2002-04,604,346,170,166,2770,3452,59
2002-05,534,349,149,147,2840,3485,59
2002-06,494,347,164,161,2794,3466,59
2002-07,262,350,180,155,2813,3498,60
2002-08,504,353,173,164,2835,3525,59
2002-09,510,345,180,148,2772,3445,59
2002-10,174,345,162,144,2796,3447,59
2002-11,584,346,175,156,2775,3452,59
2002-12,620,344,173,162,2760,3439,59
2003-01,70,345,171,134,2796,3446,59
2003-02,342,346,143,120,2844,3453,59
2003-03,482,336,158,143,2723,3360,59
2003-04,250,337,160,133,2733,3363,59
2003-05,450,339,148,130,2764,3381,59
2003-06,222,338,135,128,2776,3377,59
2003-07,588,341,149,130,2785,3405,59
2003-08,210,344,137,136,2816,3433,59
2003-09,440,339,137,135,2771,3382,59
2003-10,520,339,147,142,2762,3390,59
2003-11,494,342,147,132,2799,3420,59
2003-12,498,347,140,129,2853,3469,59
2004-01,576,350,158,137,2851,3496,59
2004-02,398,350,160,146,2843,3499,59
2004-03,478,343,145,144,2790,3422,59
2004-04,426,345,161,146,2790,3442,59
2004-05,130,348,151,145,2833,3477,59
2004-06,410,346,157,144,2811,3458,59
2004-07,644,348,161,119,2852,3480,59
2004-08,678,352,169,128,2862,3511,59
2004-09,600,348,166,134,2823,3471,59
2004-10,382,349,165,131,2841,3486,59
2004-11,292,350,171,120,2858,3499,59
2004-12,88,353,152,148,2873,3526,59
2005-01,602,353,141,133,2903,3530,59
2005-02,60,354,161,137,2879,3531,59
2005-03,456,344,163,156,2776,3439,59
2005-04,734,345,185,149,2762,3441,58
2005-05,192,346,157,143,2805,3451,59
2005-06,382,340,161,137,2761,3399,59
2005-07,566,340,166,139,2753,3398,59
2005-08,290,341,137,134,2793,3405,59
2005-09,206,333,163,148,2685,3329,59
2005-10,110,333,146,121,2725,3325,59
2005-11,378,333,136,123,2736,3328,59
2005-12,382,336,162,150,2706,3354,59
2006-01,466,336,167,147,2710,3360,59
2006-02,232,337,141,140,2744,3362,59
2006-03,390,328,141,137,2674,3280,59
2006-04,398,328,144,121,2687,3280,59
2006-05,284,329,151,136,2670,3286,59
2006-06,18,326,161,117,2648,3252,59
2006-07,266,326,153,128,2651,3258,59
2006-08,324,327,140,135,2664,3266,59
2006-09,232,320,145,120,2606,3191,59
2006-10,450,320,136,128,2608,3192,59
2006-11,222,321,156,118,2607,3202,59
2006-12,454,320,167,134,2578,3199,59
2007-01,304,321,177,142,2561,3201,59
2007-02,536,321,128,125,2633,3207,59
2007-03,546,311,139,135,2517,3102,59
2007-04,70,311,146,119,2525,3101,59
2007-05,264,310,161,118,2508,3097,59
2007-06,52,304,185,150,2397,3036,59
2007-07,32,304,154,149,2432,3039,59
2007-08,98,305,175,162,2401,3043,59
2007-09,540,300,145,143,2410,2998,59
2007-10,588,301,184,149,2367,3001,59
2007-11,326,301,171,142,2390,3004,59
2007-12,282,301,157,149,2394,3001,59
2008-01,612,302,179,153,2380,3014,59
2008-02,442,303,162,156,2402,3023,59
2008-03,628,297,157,149,2365,2968,59
2008-04,420,298,156,151,2371,2976,59
2008-05,232,299,167,164,2351,2981,59
2008-06,188,297,171,151,2344,2963,59
2008-07,274,299,155,143,2386,2983,59
2008-08,212,300,169,146,2382,2997,59
2008-09,380,295,195,177,2274,2941,59
2008-10,414,295,154,151,2344,2944,59
2008-11,658,296,196,191,2275,2958,59
2008-12,90,267,178,163,2060,2668,59
2009-01,540,269,159,137,2123,2688,59
2009-02,512,270,149,138,2134,2691,59
2009-03,504,294,167,163,2311,2935,59
2009-04,516,294,170,149,2322,2935,59
2009-05,364,295,163,141,2343,2942,59
2009-06,502,292,170,168,2288,2918,59
2009-07,88,295,169,166,2312,2942,59
2009-08,248,296,174,148,2337,2955,59
2009-09,20,292,162,143,2323,2920,59
2009-10,46,293,156,143,2332,2924,60
2009-11,268,293,165,141,2331,2930,59
2009-12,40,273,155,133,2169,2730,59
2010-01,360,275,136,134,2199,2744,59
2010-02,76,275,140,132,2203,2750,59
2010-03,228,266,150,140,2102,2658,59
2010-04,160,267,160,146,2089,2662,59
2010-05,84,268,137,129,2138,2672,59
2010-06,188,264,147,137,2092,2640,60
2010-07,340,266,146,141,2100,2653,56
2010-08,150,267,139,136,2121,2663,59
2010-09,250,262,133,128,2091,2614,59
2010-10,90,262,161,139,2051,2613,59
2010-11,38,263,139,119,2105,2626,59
2010-12,12,267,160,139,2103,2669,59
2011-01,200,268,163,149,2100,2680,59
2011-02,72,269,156,150,2112,2687,59
2011-03,490,285,156,152,2252,2845,59
2011-04,60,286,135,130,2303,2854,59
2011-05,302,286,140,139,2295,2860,59
2011-06,270,284,142,129,2279,2834,59
2011-07,82,286,146,144,2275,2851,59
2011-08,624,287,154,133,2291,2865,59
2011-09,276,283,137,132,2278,2830,59
2011-10,166,284,161,150,2237,2832,59
2011-11,16,285,167,127,2266,2845,59
2011-12,2,257,161,149,2002,2569,59
2012-01,254,259,145,122,2057,2583,59
2012-02,274,259,162,141,2021,2583,58
2012-03,4,278,171,147,2182,2778,59
2012-04,436,279,152,151,2201,2783,59
2012-05,162,279,153,150,2204,2786,59
2012-06,458,276,154,148,2182,2760,58
2012-07,32,277,155,140,2196,2768,57
2012-08,80,278,132,124,2238,2772,59
2012-09,308,276,152,142,2183,2753,59
2012-10,114,275,178,142,2154,2749,57
2012-11,516,275,156,139,2180,2750,59
2012-12,54,275,172,154,2149,2750,57
2013-01,462,276,142,135,2198,2751,59
2013-02,130,276,156,148,2172,2752,59
2013-03,112,268,144,137,2131,2680,59
2013-04,96,268,172,148,2088,2676,59
2013-05,40,268,161,126,2122,2677,58
2013-06,176,266,143,115,2130,2654,57
2013-07,16,266,155,152,2082,2655,59
2013-08,114,266,167,164,2061,2658,60
2013-09,176,261,162,143,2042,2608,59
2013-10,36,262,144,139,2072,2617,57
2013-11,468,263,142,124,2097,2626,59
2013-12,10,266,147,140,2102,2655,59
2014-01,356,267,160,138,2097,2662,59
2014-02,400,267,145,138,2115,2665,56
2014-03,426,262,185,146,2027,2620,58
2014-04,108,264,167,140,2064,2635,54
2014-05,278,265,150,127,2101,2643,59
2014-06,286,263,160,150,2050,2623,59
2014-07,258,264,178,137,2052,2631,58
2014-08,88,264,150,135,2091,2640,58
2014-09,394,261,143,133,2066,2603,58
2014-10,460,261,152,150,2038,2601,58
2014-11,234,261,152,137,2054,2604,58
2014-12,280,263,144,131,2085,2623,56
2015-01,114,264,144,121,2111,2640,56
2015-02,212,265,137,122,2118,2642,56
2015-03,90,261,136,133,2078,2608,59
2015-04,34,262,137,129,2085,2613,59
2015-05,112,262,131,126,2099,2618,59
2015-06,72,259,126,119,2080,2584,59
2015-07,88,259,129,122,2075,2585,58
2015-08,18,260,127,124,2087,2598,59
2015-09,280,254,123,119,2042,2538,59
2015-10,68,254,162,119,2003,2538,59
2015-11,322,255,124,114,2049,2542,59
2015-12,90,254,131,116,2031,2532,59
2016-01,268,254,134,118,2027,2533,59
2016-02,92,254,123,118,2041,2536,59
2016-03,104,250,116,107,2021,2494,59
2016-04,342,251,125,123,2008,2507,59
2016-05,80,252,170,134,1956,2512,59
2016-06,28,249,172,139,1923,2483,59
2016-07,24,249,134,115,1987,2485,59
2016-08,154,250,166,136,1942,2494,60
2016-09,66,246,164,125,1919,2454,59
2016-10,76,246,120,109,1982,2457,59
2016-11,248,248,140,123,1960,2471,59
2016-12,18,247,113,107,2001,2468,59
2017-01,26,247,128,127,1968,2470,59
2017-02,22,248,115,113,1997,2473,59
2017-03,340,242,123,118,1928,2411,59
2017-04,106,242,122,120,1931,2415,56
2017-05,16,243,118,114,1951,2426,59
2017-06,20,239,116,114,1921,2390,59
2017-07,72,241,119,116,1926,2402,59
2017-08,38,241,122,119,1928,2410,59
2017-09,94,239,118,117,1909,2383,58
2017-10,202,240,126,124,1908,2398,56
2017-11,226,242,118,114,1938,2412,59
2017-12,200,244,127,111,1951,2433,59
2018-01,174,244,119,115,1959,2437,59
2018-02,30,246,124,116,1965,2451,59
2018-03,228,240,130,113,1908,2391,59
2018-04,234,242,122,117,1930,2411,59
2018-05,328,243,116,108,1962,2429,59
2018-06,62,241,126,116,1921,2404,59
2018-07,30,242,119,118,1936,2415,59
2018-08,306,244,119,117,1954,2434,57
2018-09,68,240,125,122,1908,2395,58
2018-10,12,241,124,116,1922,2403,59
2018-11,64,242,138,116,1920,2416,59
2018-12,262,244,131,128,1929,2432,59
2019-01,120,244,137,129,1930,2440,56
2019-02,80,245,162,116,1922,2445,59
2019-03,36,236,115,114,1895,2360,59
2019-04,16,236,128,119,1876,2359,59
2019-05,54,237,124,115,1886,2362,59
2019-06,20,236,117,110,1895,2358,58
2019-07,20,237,123,120,1887,2367,60
2019-08,30,240,127,126,1903,2396,59
2019-09,62,237,124,117,1885,2363,59
2019-10,18,237,127,112,1891,2367,59
2019-11,28,238,121,117,1899,2375,54
2019-12,34,240,135,129,1887,2391,58
2020-01,16,240,127,109,1920,2396,56
2020-02,170,240,117,108,1930,2395,58
2020-03,494,233,135,119,1837,2324,59
2020-04,322,232,133,118,1836,2319,59
2020-05,80,232,114,103,1870,2319,60
2020-06,66,231,120,117,1835,2303,59
2020-07,48,230,130,127,1812,2299,59
2020-08,174,230,119,113,1837,2299,59
2020-09,176,228,123,117,1804,2272,59
2020-10,20,227,124,119,1800,2270,59
2020-11,42,227,127,124,1792,2270,59
2020-12,70,228,125,122,1801,2276,58
2021-01,106,228,137,132,1777,2274,54
2021-02,390,228,124,120,1801,2273,56
2021-03,170,221,130,117,1738,2206,59
2021-04,180,221,124,113,1747,2205,59
2021-05,130,221,124,111,1748,2204,56
2021-06,208,218,115,95,1743,2171,57
2021-07,220,217,118,112,1719,2166,56
2021-08,424,217,122,108,1721,2168,59
2021-09,368,215,122,110,1697,2144,58
2021-10,178,215,117,111,1701,2144,57
2021-11,378,215,120,104,1704,2143,59
2021-12,330,216,119,105,1715,2155,56
2022-01,458,216,108,106,1725,2155,59
2022-02,422,216,107,103,1729,2155,59
2022-03,34,209,114,105,1656,2084,59
2022-04,46,209,101,96,1676,2082,59
2022-05,10,209,116,111,1645,2081,58
2022-06,132,207,119,103,1633,2062,58
2022-07,86,192,252,136,1331,1911,54
2022-08,112,185,181,173,1306,1845,54
