month,invested,outlier,first,second,rest,total,number of clusters
1990-01,0.055299539170506916,1367,200,134,252,1953,9
1990-02,0.02349336057201226,1370,198,143,247,1958,9
1990-03,0.07287870900572618,1345,198,172,206,1921,9
1990-04,0.06953814218993254,1349,203,167,208,1927,9
1990-05,0.027678113787801127,1366,197,167,221,1951,9
1990-06,0.05891315388522093,1378,196,174,221,1969,9
1990-07,0.06259464916708733,1387,203,169,222,1981,9
1990-08,0.04081632653061224,1406,206,178,219,2009,9
1990-09,0.05286783042394015,1403,202,198,202,2005,9
1990-10,0.06729341909945571,1415,218,193,195,2021,9
1990-11,0.07069219440353461,1426,200,159,252,2037,9
1990-12,0.04609595484477893,1488,141,137,360,2126,10
1991-01,0.041879944160074456,1504,162,145,338,2149,10
1991-02,0.046168051708217916,1516,152,150,348,2166,10
1991-03,0.052083333333333336,1478,139,137,358,2112,10
1991-04,0.06358111266947171,1497,160,127,355,2139,10
1991-05,0.0555812876331635,1511,153,135,360,2159,10
1991-06,0.05222171323866239,1528,156,138,361,2183,10
1991-07,0.0036101083032490976,1551,160,141,364,2216,10
1991-08,0.033928571428571426,1568,153,150,369,2240,10
1991-09,0.04957187922487607,1553,160,138,368,2219,10
1991-10,0.016143497757847534,1561,168,151,350,2230,10
1991-11,0.026869682042095836,1563,158,141,371,2233,10
1991-12,0.0017429193899782135,1606,166,142,381,2295,10
1992-01,0.02972027972027972,1601,161,137,389,2288,10
1992-02,0.04203152364273205,1599,159,137,389,2284,10
1992-03,0.0017921146953405018,1562,148,135,387,2232,10
1992-04,0.05185516316495306,1566,155,132,384,2237,10
1992-05,0.07397504456327986,1571,139,127,407,2244,10
1992-06,0.015817223198594025,1593,149,132,402,2276,10
1992-07,0.06187363834422658,1606,128,120,441,2295,10
1992-08,0.013015184381778741,1613,150,114,428,2305,10
1992-09,0.06494076349275998,1595,165,139,380,2279,10
1992-10,0.06042031523642732,1599,150,116,419,2284,10
1992-11,0.06364428945074106,1606,149,145,394,2294,10
1992-12,0.0008514261387824606,1644,138,123,444,2349,10
1993-01,0.046948356807511735,1640,149,131,423,2343,10
1993-02,0.06785411365564037,1650,139,128,441,2358,10
1993-03,0.06628870475359791,1605,162,112,414,2293,10
1993-04,0.06331309627059845,1614,161,117,414,2306,10
1993-05,0.027657735522904063,1620,162,116,416,2314,10
1993-06,0.03625377643504532,1622,151,130,414,2317,10
1993-07,0.005141388174807198,1634,162,130,408,2334,10
1993-08,0.041043180846515606,1637,173,114,415,2339,10
1993-09,0.0634231103388358,1611,162,129,400,2302,10
1993-10,0.060711188204683436,1614,151,125,416,2306,10
1993-11,0.050971922246220304,1620,161,108,426,2315,10
1993-12,0.0050526315789473685,1662,156,131,426,2375,10
1994-01,0.04351464435146443,1673,157,136,424,2390,10
1994-02,0.06446211804102135,1672,170,117,430,2389,10
1994-03,0.06435006435006435,1632,158,122,419,2331,10
1994-04,0.06509635974304069,1634,163,107,431,2335,10
1994-05,0.05859872611464968,1648,153,111,443,2355,10
1994-06,0.03582089552238806,1641,166,117,421,2345,10
1994-07,0.0668076109936575,1655,170,120,420,2365,10
1994-08,0.037783375314861464,1667,147,121,447,2382,10
1994-09,0.05874840357598978,1644,149,133,423,2349,10
1994-10,0.01708671507902606,1639,161,125,416,2341,10
1994-11,0.06076166024818143,1636,149,125,427,2337,10
1994-12,0.05723905723905724,1663,139,127,447,2376,10
1995-01,0.05961376994122586,1667,171,112,432,2382,10
1995-02,0.06302521008403361,1666,149,122,443,2380,10
1995-03,0.06805614632071459,1646,141,96,468,2351,10
1995-04,0.05680373039423484,1651,134,127,447,2359,10
1995-05,0.054667788057190914,1664,139,104,471,2378,10
1995-06,0.060502769492969746,1643,164,139,401,2347,10
1995-07,0.01517706576728499,1660,161,145,406,2372,10
1995-08,0.055949895615866385,1676,132,130,457,2395,10
1995-09,0.054575986565911,1667,162,130,423,2382,10
1995-10,0.07020476389469285,1675,161,125,432,2393,10
1995-11,0.062086092715231786,1691,163,131,431,2416,10
1995-12,0.06062874251497006,1870,185,166,451,2672,10
1996-01,0.05658972449739389,1880,178,175,453,2686,10
1996-02,0.05982274741506647,1895,172,164,477,2708,10
1996-03,0.057738572574178026,1746,163,142,443,2494,10
1996-04,0.007094994087504927,1776,171,142,448,2537,10
1996-05,0.0609375,1792,177,117,474,2560,10
1996-06,0.06521739130434782,1803,182,148,443,2576,10
1996-07,0.07394489012905477,2007,196,151,513,2867,10
1996-08,0.03385146804835924,2026,202,143,524,2895,10
1996-09,0.04985754985754986,1965,197,127,519,2808,10
1996-10,0.06497175141242938,1982,189,146,515,2832,10
1996-11,0.0223698007689619,2003,191,153,514,2861,10
1996-12,0.05695142378559464,2089,204,164,528,2985,10
1997-01,0.03878301571380809,2094,194,169,534,2991,10
1997-02,0.048144433299899696,2094,206,160,531,2991,10
1997-03,0.06041447137337548,1993,192,137,525,2847,10
1997-04,0.016580310880829015,2026,201,138,530,2895,10
1997-05,0.05785123966942149,2033,188,143,540,2904,10
1997-06,0.043003412969283276,2051,210,146,523,2930,10
1997-07,0.03237774030354131,2075,218,155,517,2965,10
1997-08,0.05664778407197601,2101,201,179,520,3001,10
1997-09,0.05513955071477195,2056,185,145,552,2938,10
1997-10,0.05197435032062099,2074,163,160,566,2963,10
1997-11,0.025511916750587445,2085,205,158,531,2979,10
1997-12,0.06505102040816327,2195,204,195,542,3136,10
1998-01,0.04079071226859115,2231,229,197,530,3187,10
1998-02,0.042275411874417156,2252,202,119,644,3217,10
1998-03,0.016981132075471698,2226,217,210,527,3180,10
1998-04,0.012496094970321775,2241,193,142,625,3201,10
1998-05,0.03664596273291926,2254,220,167,579,3220,10
1998-06,0.02971862156180841,2214,187,179,583,3163,10
1998-07,0.04040404040404041,2217,210,190,551,3168,10
1998-08,0.07554296506137866,2224,184,123,646,3177,10
1998-09,0.07830551989730423,2181,209,197,529,3116,10
1998-10,0.05057618437900128,2187,193,173,571,3124,10
1998-11,0.049586776859504134,2202,221,185,538,3146,10
1998-12,0.032432432432432434,2201,202,183,559,3145,10
1999-01,0.019011406844106463,2209,203,186,558,3156,10
1999-02,0.041126225877886745,2213,223,191,534,3161,10
1999-03,0.054265902924329215,2322,205,113,677,3317,10
1999-04,0.06513872135102533,2321,203,170,622,3316,10
1999-05,0.03922751961375981,2320,250,180,564,3314,10
1999-06,0.05200367084735393,2288,220,199,562,3269,10
1999-07,0.017591750075826508,2308,192,189,608,3297,10
1999-08,0.019915509957754977,2320,214,192,588,3314,10
1999-09,0.04830917874396135,2318,192,160,642,3312,10
1999-10,0.046664672449895306,2340,222,181,600,3343,10
1999-11,0.05721026245945149,2374,227,184,606,3391,10
1999-12,0.043040804918949134,2504,259,160,655,3578,10
2000-01,0.06206705458575783,2526,236,147,700,3609,10
2000-02,0.04434589800443459,2525,251,152,680,3608,10
2000-03,0.06729826853969291,2143,231,163,524,3061,10
2000-04,0.06489292667099286,2157,207,147,571,3082,10
2000-05,0.08167202572347267,2177,204,128,601,3110,10
2000-06,0.06317160534028005,2150,200,153,568,3071,10
2000-07,0.07672469374597034,2171,206,157,568,3102,10
2000-08,0.06854580397181294,2185,207,177,553,3122,10
2000-09,0.0729064039408867,2131,208,161,545,3045,10
2000-10,0.07637075718015666,2145,214,181,524,3064,10
2000-11,0.046511627906976744,2167,205,184,540,3096,10
2000-12,0.07599888236937692,2505,244,214,616,3579,10
2001-01,0.04850850292723725,2511,239,216,621,3587,10
2001-02,0.040488075429839156,2524,226,211,645,3606,10
2001-03,0.06992198786477896,2423,230,183,625,3461,10
2001-04,0.025367541078120497,2428,211,196,634,3469,10
2001-05,0.008048289738430584,2435,226,184,634,3479,10
2001-06,0.03193960511033682,2411,213,210,610,3444,10
2001-07,0.03363293708321253,2414,234,194,607,3449,10
2001-08,0.008628127696289905,2434,231,198,614,3477,10
2001-09,0.03671898134438851,2364,244,185,584,3377,10
2001-10,0.028772753963593658,2384,243,173,606,3406,10
2001-11,0.07030796048808832,2409,260,170,603,3442,10
2001-12,0.002860411899313501,2447,218,190,641,3496,10
2002-01,0.0488914155770324,2462,228,206,622,3518,10
2002-02,0.030577576443941108,2472,251,211,598,3532,10
2002-03,0.053722627737226275,2397,233,224,571,3425,10
2002-04,0.05619930475086906,2416,228,196,612,3452,10
2002-05,0.04763271162123386,2439,254,132,660,3485,10
2002-06,0.03519907674552799,2426,251,227,562,3466,10
2002-07,0.01429388221841052,2449,250,237,562,3498,10
2002-08,0.035177304964539004,2467,253,196,609,3525,10
2002-09,0.03947750362844703,2411,262,217,555,3445,10
2002-10,0.008123005512039455,2413,247,202,585,3447,10
2002-11,0.05735805330243337,2416,249,224,563,3452,10
2002-12,0.045943588252398956,2407,225,207,600,3439,10
2003-01,0.0075449796865931515,2412,237,223,574,3446,10
2003-02,0.056762235737040256,2417,210,209,617,3453,10
2003-03,0.044642857142857144,2352,240,224,544,3360,10
2003-04,0.033303597977995834,2354,232,206,571,3363,10
2003-05,0.041407867494824016,2367,222,217,575,3381,10
2003-06,0.015398282499259699,2364,208,178,627,3377,10
2003-07,0.054038179148311306,2383,207,163,652,3405,10
2003-08,0.011651616661811826,2403,203,150,677,3433,10
2003-09,0.0449438202247191,2367,206,183,626,3382,10
2003-10,0.047787610619469026,2373,220,139,658,3390,10
2003-11,0.052046783625730994,2394,208,151,667,3420,10
2003-12,0.053041222254251945,2428,214,137,690,3469,10
2004-01,0.04862700228832952,2447,227,150,672,3496,10
2004-02,0.061160331523292366,2449,211,130,709,3499,10
2004-03,0.04792518994739918,2395,182,142,703,3422,10
2004-04,0.06159209761766415,2409,236,132,665,3442,10
2004-05,0.007477710670117918,2434,213,168,662,3477,10
2004-06,0.020821283979178717,2420,205,172,661,3458,10
2004-07,0.052873563218390804,2436,190,181,673,3480,10
2004-08,0.06493876388493307,2458,190,189,674,3511,10
2004-09,0.06107749927974647,2430,197,186,658,3471,10
2004-10,0.057946069994262765,2440,222,171,653,3486,10
2004-11,0.05315804515575879,2449,200,192,658,3499,10
2004-12,0.003970504821327283,2468,222,173,663,3526,10
2005-01,0.06855524079320113,2471,233,133,693,3530,10
2005-02,0.06287170773152082,2472,220,144,695,3531,10
2005-03,0.039546379761558594,2407,212,165,655,3439,10
2005-04,0.06509735541993607,2409,209,185,638,3441,10
2005-05,0.011590843233845263,2416,203,175,657,3451,10
2005-06,0.023536334215945868,2379,198,192,630,3399,10
2005-07,0.05414949970570924,2378,222,162,636,3398,10
2005-08,0.01997063142437592,2383,195,165,662,3405,10
2005-09,0.056473415440072096,2330,205,162,632,3329,10
2005-10,0.00481203007518797,2327,217,152,629,3325,10
2005-11,0.04266826923076923,2329,200,166,633,3328,10
2005-12,0.04830053667262969,2348,216,189,601,3354,10
2006-01,0.04702380952380952,2352,180,144,684,3360,10
2006-02,0.009518143961927425,2353,221,170,618,3362,10
2006-03,0.03231707317073171,2296,220,188,576,3280,10
2006-04,0.027439024390243903,2296,213,161,610,3280,10
2006-05,0.014607425441265977,2300,203,159,624,3286,10
2006-06,0.006150061500615006,2276,213,168,595,3252,10
2006-07,0.0570902394106814,2280,232,175,571,3258,10
2006-08,0.020820575627679118,2286,191,161,628,3266,10
2006-09,0.026324036352240676,2234,198,154,605,3191,10
2006-10,0.06203007518796992,2234,182,170,606,3192,10
2006-11,0.018738288569643973,2241,183,119,659,3202,10
2006-12,0.05564238824632698,2239,207,190,563,3199,10
2007-01,0.01936894720399875,2241,226,141,593,3201,10
2007-02,0.04926722793888369,2245,201,145,616,3207,10
2007-03,0.059961315280464215,2171,184,173,574,3102,10
2007-04,0.0032247662044501773,2171,173,131,626,3101,10
2007-05,0.016790442363577657,2168,186,147,596,3097,10
2007-06,0.050724637681159424,2125,194,150,567,3036,10
2007-07,0.0019743336623889436,2127,178,160,574,3039,10
2007-08,0.0052579691094314825,2130,201,143,569,3043,10
2007-09,0.047364909939959975,2098,216,153,531,2998,10
2007-10,0.05664778407197601,2101,173,171,556,3001,10
2007-11,0.03661784287616511,2103,209,146,546,3004,10
2007-12,0.05398200599800067,2101,236,161,503,3001,10
2008-01,0.059057730590577305,2110,219,169,516,3014,10
2008-02,0.030433344359907376,2116,230,177,500,3023,10
2008-03,0.06132075471698113,2077,187,170,534,2968,10
2008-04,0.02956989247311828,2083,204,166,523,2976,10
2008-05,0.012076484401207649,2087,231,166,497,2981,10
2008-06,0.012149848126898413,2074,236,163,490,2963,10
2008-07,0.01340931947703654,2088,230,147,518,2983,9
2008-08,0.010677344010677344,2098,203,140,556,2997,10
2008-09,0.0782046922815369,2059,211,166,505,2941,10
2008-10,0.021059782608695652,2061,227,170,486,2944,10
2008-11,0.06693711967545639,2070,226,169,493,2958,10
2008-12,0.008245877061469266,1867,202,174,425,2668,10
2009-01,0.06770833333333333,1881,230,168,409,2688,10
2009-02,0.07060572277963582,1884,204,179,424,2691,10
2009-03,0.05519591141396934,2054,222,141,518,2935,10
2009-04,0.06132879045996593,2054,221,149,511,2935,10
2009-05,0.06594153636981645,2059,189,179,515,2942,10
2009-06,0.05414667580534613,2042,215,141,520,2918,10
2009-07,0.004758667573079538,2059,228,180,475,2942,9
2009-08,0.04263959390862944,2068,207,158,522,2955,10
2009-09,0.002054794520547945,2044,170,135,571,2920,9
2009-10,0.019835841313269494,2047,185,136,556,2924,10
2009-11,0.024573378839590442,2051,161,148,570,2930,10
2009-12,0.03956043956043956,1911,190,169,460,2730,10
2010-01,0.03134110787172012,1921,193,169,461,2744,10
2010-02,0.005818181818181818,1925,195,170,460,2750,10
2010-03,0.01655379984951091,1860,166,163,469,2658,10
2010-04,0.011269722013523666,1863,177,167,455,2662,10
2010-05,0.014221556886227544,1870,184,148,470,2672,10
2010-06,0.07121212121212121,1848,173,135,484,2640,10
2010-07,0.025631360723709008,1857,172,164,460,2653,10
2010-08,0.01426962072850169,1864,181,166,452,2663,10
2010-09,0.042081101759755164,1830,178,162,444,2614,10
2010-10,0.0030616150019135095,1829,169,167,448,2613,10
2010-11,0.00456968773800457,1838,177,168,443,2626,10
2010-12,0.0022480329711502436,1868,178,154,469,2669,10
2011-01,0.010447761194029851,1876,194,168,442,2680,10
2011-02,0.005210271678451805,1881,183,163,460,2687,10
2011-03,0.06045694200351494,1991,158,156,540,2845,10
2011-04,0.002803083391730904,1998,167,149,540,2854,10
2011-05,0.02097902097902098,2002,172,107,579,2860,10
2011-06,0.02893436838390967,1984,179,135,536,2834,10
2011-07,0.00350754121360926,1996,193,145,517,2851,10
2011-08,0.07260034904013962,2005,170,116,574,2865,10
2011-09,0.012720848056537103,1981,168,159,522,2830,10
2011-10,0.06779661016949153,1982,166,137,547,2832,10
2011-11,0.00210896309314587,1991,184,114,556,2845,10
2011-12,0.0007785130400934215,1798,205,185,381,2569,10
2012-01,0.024003097173828883,1808,190,182,403,2583,10
2012-02,0.025551684088269456,1808,187,177,411,2583,10
2012-03,0.0367170626349892,1944,183,176,475,2778,10
2012-04,0.04024434063959756,1948,226,177,432,2783,9
2012-05,0.00933237616654702,1950,193,184,459,2786,10
2012-06,0.04565217391304348,1932,206,186,436,2760,10
2012-07,0.0036127167630057803,1937,196,179,456,2768,10
2012-08,0.005050505050505051,1940,203,152,477,2772,9
2012-09,0.025426807119505995,1927,189,170,467,2753,10
2012-10,0.008730447435431065,1924,207,177,441,2749,10
2012-11,0.064,1925,204,171,450,2750,10
2012-12,0.0036363636363636364,1925,222,188,415,2750,9
2013-01,0.05816066884769175,1926,202,176,447,2751,9
2013-02,0.00872093023255814,1926,202,177,447,2752,10
2013-03,0.006716417910447761,1876,181,161,462,2680,10
2013-04,0.005979073243647235,1873,194,164,445,2676,10
2013-05,0.005229734777736272,1874,184,159,460,2677,10
2013-06,0.06480783722682742,1858,191,121,484,2654,10
2013-07,0.0030131826741996233,1858,189,160,448,2655,10
2013-08,0.01655379984951091,1860,205,175,418,2658,10
2013-09,0.013803680981595092,1825,176,164,443,2608,10
2013-10,0.005349636988918609,1832,170,159,456,2617,10
2013-11,0.048743335872048744,1838,177,158,453,2626,10
2013-12,0.0022598870056497176,1858,184,153,460,2655,10
2014-01,0.04132231404958678,1863,197,167,435,2662,10
2014-02,0.03677298311444653,1865,185,179,436,2665,10
2014-03,0.051908396946564885,1834,192,155,439,2620,10
2014-04,0.0060721062618595825,1844,177,174,440,2635,10
2014-05,0.018161180476730987,1850,177,176,440,2643,10
2014-06,0.024399542508577964,1836,189,174,424,2623,10
2014-07,0.020524515393386546,1842,180,158,451,2631,10
2014-08,0.005303030303030303,1848,184,170,438,2640,10
2014-09,0.050710718401844025,1822,171,169,441,2603,10
2014-10,0.05997693194925029,1820,178,168,435,2601,10
2014-11,0.05913978494623656,1823,194,161,426,2604,9
2014-12,0.028974456728936334,1836,211,151,425,2623,10
2015-01,0.013636363636363636,1848,212,161,419,2640,8
2015-02,0.021196063588190765,1849,195,143,455,2642,10
2015-03,0.011503067484662576,1825,191,144,448,2608,10
2015-04,0.006123230003827019,1829,192,166,426,2613,10
2015-05,0.009931245225362872,1832,191,175,420,2618,9
2015-06,0.0046439628482972135,1809,207,151,417,2584,10
2015-07,0.006189555125725338,1809,191,152,433,2585,9
2015-08,0.0023094688221709007,1818,177,169,434,2598,10
2015-09,0.019700551615445233,1776,191,144,427,2538,9
2015-10,0.004728132387706856,1776,204,136,422,2538,9
2015-11,0.04878048780487805,1779,141,131,491,2542,10
2015-12,0.007898894154818325,1772,201,139,420,2532,9
2016-01,0.017370706671930518,1773,175,126,459,2533,9
2016-02,0.008675078864353312,1775,214,131,416,2536,9
2016-03,0.011226944667201283,1746,206,144,398,2494,9
2016-04,0.03430394894295971,1755,192,136,424,2507,9
2016-05,0.00875796178343949,1758,191,152,411,2512,9
2016-06,0.00644381796214257,1738,169,148,428,2483,9
2016-07,0.005633802816901409,1739,211,151,384,2485,8
2016-08,0.012830793905372895,1746,190,147,411,2494,8
2016-09,0.004074979625101874,1718,197,173,366,2454,8
2016-10,0.008954008954008955,1720,172,156,409,2457,9
2016-11,0.060704168352893564,1730,189,147,405,2471,8
2016-12,0.004051863857374392,1727,192,132,417,2468,10
2017-01,0.005668016194331984,1729,188,160,393,2470,9
2017-02,0.003234937323089365,1731,183,163,396,2473,9
2017-03,0.05640812940688511,1688,167,166,390,2411,9
2017-04,0.020703933747412008,1690,177,138,410,2415,8
2017-05,0.005770816158285243,1698,177,143,408,2426,9
2017-06,0.00502092050209205,1673,175,134,408,2390,9
2017-07,0.004995836802664446,1681,165,156,400,2402,10
2017-08,0.004149377593360996,1687,172,149,402,2410,10
2017-09,0.010071338648762064,1668,147,124,444,2383,10
2017-10,0.013344453711426188,1678,159,118,443,2398,10
2017-11,0.03980099502487562,1688,142,135,447,2412,10
2017-12,0.032059186189889025,1703,141,128,461,2433,10
2018-01,0.013130898645876077,1706,152,109,470,2437,10
2018-02,0.004895960832313341,1716,154,107,474,2451,10
2018-03,0.01589293182768716,1674,152,104,461,2391,10
2018-04,0.05806719203649938,1688,159,123,441,2411,10
2018-05,0.02799505969534788,1700,165,105,459,2429,10
2018-06,0.005823627287853577,1683,171,115,435,2404,10
2018-07,0.002484472049689441,1690,156,121,448,2415,10
2018-08,0.03204601479046836,1704,179,119,432,2434,10
2018-09,0.005845511482254697,1676,166,121,432,2395,10
2018-10,0.0016645859342488557,1682,141,137,443,2403,10
2018-11,0.0033112582781456954,1691,186,116,423,2416,10
2018-12,0.05756578947368421,1702,168,126,436,2432,10
2019-01,0.027049180327868853,1708,175,113,444,2440,10
2019-02,0.0057259713701431495,1711,187,108,439,2445,10
2019-03,0.00423728813559322,1652,160,128,420,2360,10
2019-04,0.005934718100890208,1651,145,135,428,2359,10
2019-05,0.002540220152413209,1653,190,128,391,2362,10
2019-06,0.006785411365564037,1650,170,130,408,2358,10
2019-07,0.005914659907055344,1657,190,143,377,2367,10
2019-08,0.041736227045075125,1677,172,115,432,2396,10
2019-09,0.0050782903089293275,1654,161,112,436,2363,10
2019-10,0.004224757076468103,1657,193,115,402,2367,10
2019-11,0.003368421052631579,1662,180,112,421,2375,10
2019-12,0.004182350480970306,1674,167,145,405,2391,10
2020-01,0.005843071786310518,1677,199,128,392,2396,9
2020-02,0.012526096033402923,1676,183,126,410,2395,10
2020-03,0.058519793459552494,1627,172,128,397,2324,10
2020-04,0.04570935748167314,1623,198,135,363,2319,9
2020-05,0.019836136265631736,1623,183,120,393,2319,10
2020-06,0.006947459834997829,1612,169,122,400,2303,10
2020-07,0.0034797738147020443,1609,154,129,407,2299,10
2020-08,0.020878642888212267,1609,167,113,410,2299,9
2020-09,0.02112676056338028,1590,181,125,376,2272,9
2020-10,0.0026431718061674008,1589,162,117,402,2270,10
2020-11,0.0052863436123348016,1589,124,117,440,2270,10
2020-12,0.007029876977152899,1593,147,137,399,2276,10
2021-01,0.011433597185576077,1592,139,132,411,2274,10
2021-02,0.04575450945886494,1591,178,109,395,2273,10
2021-03,0.06527651858567543,1544,116,111,435,2206,10
2021-04,0.052607709750566896,1543,105,98,459,2205,10
2021-05,0.014519056261343012,1543,121,107,433,2204,10
2021-06,0.016582220175034548,1520,129,104,418,2171,10
2021-07,0.03139427516158818,1516,123,114,413,2166,10
2021-08,0.06918819188191883,1517,126,120,405,2168,10
2021-09,0.05503731343283582,1501,128,112,403,2144,10
2021-10,0.014925373134328358,1501,123,114,406,2144,10
2021-11,0.06906206252916472,1500,117,110,416,2143,10
2021-12,0.037122969837587005,1508,130,114,403,2155,10
2022-01,0.05939675174013921,1508,121,95,431,2155,10
2022-02,0.05754060324825986,1508,142,109,396,2155,10
2022-03,0.0047984644913627635,1459,118,107,400,2084,10
2022-04,0.005763688760806916,1457,127,112,386,2082,10
2022-05,0.0028832292167227293,1457,119,108,397,2081,10
2022-06,0.01842870999030068,1443,135,100,384,2062,10
2022-07,0.00837257980115123,1338,181,157,235,1911,8
2022-08,0.011924119241192412,1291,181,144,229,1845,8
