month,invested,outlier,first,second,rest,total,number of clusters
1990-01,0.05325140809011777,1367,182,124,280,1953,20
1990-02,0.02247191011235955,1370,176,135,277,1958,20
1990-03,0.06975533576262363,1345,170,133,273,1921,20
1990-04,0.05812143227815257,1349,173,124,281,1927,20
1990-05,0.025627883136852898,1366,158,142,285,1951,20
1990-06,0.056881665820213305,1378,183,162,246,1969,20
1990-07,0.0585562847046946,1387,191,140,263,1981,13
1990-08,0.035838725734196115,1406,176,170,257,2009,20
1990-09,0.04987531172069826,1403,163,161,278,2005,13
1990-10,0.06828302820385948,1415,201,182,223,2021,13
1990-11,0.06676485027000491,1426,190,161,260,2037,13
1990-12,0.036688617121354655,1488,116,98,424,2126,20
1991-01,0.03908794788273615,1504,124,105,416,2149,20
1991-02,0.03970452446906741,1516,108,84,458,2166,20
1991-03,0.043560606060606064,1478,92,89,453,2112,20
1991-04,0.06077606358111267,1497,89,70,483,2139,20
1991-05,0.06113941639647985,1511,111,95,442,2159,20
1991-06,0.0467246907924874,1528,118,80,457,2183,20
1991-07,0.002707581227436823,1551,105,92,468,2216,20
1991-08,0.03660714285714286,1568,113,83,476,2240,20
1991-09,0.05227579990986931,1553,108,93,465,2219,20
1991-10,0.014349775784753363,1561,105,86,478,2230,20
1991-11,0.026869682042095836,1563,110,87,473,2233,20
1991-12,0.008714596949891068,1606,112,108,469,2295,20
1992-01,0.028846153846153848,1601,115,96,476,2288,20
1992-02,0.04115586690017513,1599,107,76,502,2284,20
1992-03,0.002688172043010753,1562,113,108,449,2232,20
1992-04,0.06526598122485472,1566,81,79,511,2237,20
1992-05,0.0677361853832442,1571,111,77,485,2244,20
1992-06,0.013181019332161687,1593,114,107,462,2276,20
1992-07,0.06535947712418301,1606,111,80,498,2295,20
1992-08,0.01388286334056399,1613,107,93,492,2305,20
1992-09,0.06230802983764809,1595,117,89,478,2279,20
1992-10,0.0595446584938704,1599,107,68,510,2284,20
1992-11,0.05579773321708806,1606,122,78,488,2294,20
1992-12,0.0008514261387824606,1644,114,90,501,2349,18
1993-01,0.05121638924455826,1640,111,102,490,2343,20
1993-02,0.06785411365564037,1650,111,100,497,2358,20
1993-03,0.06541648495420846,1605,104,103,481,2293,20
1993-04,0.062445793581960105,1614,111,92,489,2306,20
1993-05,0.03025064822817632,1620,109,95,490,2314,20
1993-06,0.05265429434613725,1622,108,100,487,2317,20
1993-07,0.003427592116538132,1634,111,87,502,2334,20
1993-08,0.04275331338178709,1637,115,107,480,2339,20
1993-09,0.0686359687228497,1611,98,89,504,2302,20
1993-10,0.042497831743278404,1614,113,91,488,2306,20
1993-11,0.05010799136069115,1620,107,81,507,2315,20
1993-12,0.003368421052631579,1662,94,93,526,2375,20
1994-01,0.03933054393305439,1673,114,90,513,2390,20
1994-02,0.06278777731268313,1672,96,87,534,2389,20
1994-03,0.06692406692406692,1632,105,97,497,2331,20
1994-04,0.06081370449678801,1634,110,96,495,2335,20
1994-05,0.04416135881104034,1648,123,108,476,2355,20
1994-06,0.06226012793176972,1641,115,95,494,2345,20
1994-07,0.0668076109936575,1655,120,90,500,2365,20
1994-08,0.033585222502099076,1667,121,81,513,2382,20
1994-09,0.019582801191996593,1644,115,93,497,2349,20
1994-10,0.011106364801366937,1639,117,93,492,2341,20
1994-11,0.06161745827984596,1636,118,89,494,2337,20
1994-12,0.030303030303030304,1663,117,94,502,2376,20
1995-01,0.06717044500419815,1667,115,102,498,2382,20
1995-02,0.05798319327731093,1666,126,102,486,2380,20
1995-03,0.06380263717566993,1646,110,93,502,2351,20
1995-04,0.05510809665112336,1651,111,81,516,2359,20
1995-05,0.054667788057190914,1664,111,95,508,2378,20
1995-06,0.06646783127396677,1643,107,95,502,2347,20
1995-07,0.011804384485666104,1660,119,99,494,2372,20
1995-08,0.05093945720250522,1676,119,101,499,2395,20
1995-09,0.05793450881612091,1667,115,90,510,2382,20
1995-10,0.06686167989970748,1675,123,90,505,2393,20
1995-11,0.058774834437086095,1691,120,99,506,2416,20
1995-12,0.058383233532934134,1870,124,102,576,2672,20
1996-01,0.04839910647803425,1880,117,92,597,2686,20
1996-02,0.022156573116691284,1895,105,91,617,2708,20
1996-03,0.05854049719326383,1746,123,93,532,2494,20
1996-04,0.007094994087504927,1776,125,90,546,2537,20
1996-05,0.06328125,1792,114,90,564,2560,20
1996-06,0.062111801242236024,1803,103,101,569,2576,20
1996-07,0.06557377049180328,2007,117,95,648,2867,20
1996-08,0.03592400690846287,2026,135,124,610,2895,20
1996-09,0.06766381766381767,1965,141,97,605,2808,20
1996-10,0.06497175141242938,1982,152,100,598,2832,20
1996-11,0.023068857042991962,2002,140,136,583,2861,20
1996-12,0.05695142378559464,2089,152,140,604,2985,18
1997-01,0.03945168839852892,2094,142,117,638,2991,20
1997-02,0.05416248746238716,2094,142,117,638,2991,20
1997-03,0.05128205128205128,1993,139,137,578,2847,20
1997-04,0.013816925734024179,2026,150,132,587,2895,20
1997-05,0.05922865013774105,2033,153,101,617,2904,20
1997-06,0.040273037542662114,2051,153,118,608,2930,20
1997-07,0.06003372681281619,2075,148,128,614,2965,20
1997-08,0.045318227257580806,2101,153,128,619,3001,20
1997-09,0.051735874744724304,2056,156,120,606,2938,20
1997-10,0.04724940938238272,2074,155,130,604,2963,20
1997-11,0.022155085599194362,2085,150,121,623,2979,20
1997-12,0.017857142857142856,2195,137,129,675,3136,20
1998-01,0.035770316912456857,2231,124,115,717,3187,20
1998-02,0.03730183400683867,2252,153,131,681,3217,20
1998-03,0.013207547169811321,2226,149,128,677,3180,20
1998-04,0.012496094970321775,2241,150,126,684,3201,20
1998-05,0.024844720496894408,2254,122,108,736,3220,20
1998-06,0.04046791021182422,2214,140,139,670,3163,20
1998-07,0.03787878787878788,2217,145,118,688,3168,20
1998-08,0.08624488511174064,2224,141,132,680,3177,20
1998-09,0.0699614890885751,2181,122,111,702,3116,20
1998-10,0.05057618437900128,2187,129,111,697,3124,20
1998-11,0.040686586141131596,2202,145,144,655,3146,20
1998-12,0.03624801271860095,2201,144,119,681,3145,20
1999-01,0.02091254752851711,2209,128,122,697,3156,20
1999-02,0.04871875988611199,2213,140,124,684,3161,20
1999-03,0.05185408501658125,2322,146,126,723,3317,20
1999-04,0.0428226779252111,2321,147,139,709,3316,20
1999-05,0.03922751961375981,2320,137,125,732,3314,20
1999-06,0.0501682471703885,2288,142,126,713,3269,20
1999-07,0.015165301789505611,2308,136,116,737,3297,20
1999-08,0.024140012070006035,2320,147,118,729,3314,20
1999-09,0.04528985507246377,2318,126,103,765,3312,20
1999-10,0.04307508226144182,2340,130,85,788,3343,20
1999-11,0.049542907696844586,2374,126,123,768,3391,20
1999-12,0.05086640581330352,2504,144,116,814,3578,20
2000-01,0.06040454419506788,2526,140,136,807,3609,20
2000-02,0.04933481152993348,2525,145,134,804,3608,20
2000-03,0.0797125122508984,2143,144,112,662,3061,20
2000-04,0.08306294613887086,2157,114,94,717,3082,20
2000-05,0.07009646302250803,2177,125,119,689,3110,20
2000-06,0.06121784435037447,2150,144,119,658,3071,20
2000-07,0.07543520309477757,2171,115,98,718,3102,20
2000-08,0.05829596412556054,2185,138,135,664,3122,20
2000-09,0.07027914614121511,2131,155,101,658,3045,20
2000-10,0.07506527415143603,2145,145,138,636,3064,20
2000-11,0.044573643410852716,2167,146,133,650,3096,20
2000-12,0.07320480581167924,2505,145,135,794,3579,20
2001-01,0.042375243936437136,2511,166,162,748,3587,20
2001-02,0.03549639489739324,2524,164,126,792,3606,20
2001-03,0.06761051719156314,2423,148,134,756,3461,20
2001-04,0.024214471029115017,2428,160,123,758,3469,20
2001-05,0.010347801092267893,2435,148,127,769,3479,20
2001-06,0.04819976771196283,2411,161,142,730,3444,20
2001-07,0.040011597564511454,2414,162,148,725,3449,20
2001-08,0.012079378774805867,2434,170,140,733,3477,20
2001-09,0.04441812259401836,2365,153,145,714,3377,20
2001-10,0.0358191426893717,2384,154,146,722,3406,20
2001-11,0.06972690296339337,2409,149,132,752,3442,20
2001-12,0.002288329519450801,2447,163,141,745,3496,20
2002-01,0.05173393973848778,2462,135,124,797,3518,20
2002-02,0.03397508493771234,2472,147,138,775,3532,20
2002-03,0.05489051094890511,2397,171,135,722,3425,20
2002-04,0.059675550405561995,2416,171,145,720,3452,20
2002-05,0.04992826398852224,2439,169,117,760,3485,20
2002-06,0.04385458742065782,2426,113,97,830,3466,20
2002-07,0.013150371640937679,2448,190,137,723,3498,20
2002-08,0.03801418439716312,2467,172,152,734,3525,20
2002-09,0.038896952104499276,2411,129,108,797,3445,20
2002-10,0.008123005512039455,2413,160,146,728,3447,20
2002-11,0.051564310544611816,2416,172,90,774,3452,20
2002-12,0.0476882814771736,2407,147,136,749,3439,20
2003-01,0.006964596633778294,2412,143,94,797,3446,20
2003-02,0.052128583840139006,2417,144,133,759,3453,20
2003-03,0.039285714285714285,2352,141,133,734,3360,20
2003-04,0.030924769550996135,2354,140,118,751,3363,20
2003-05,0.037267080745341616,2367,133,131,750,3381,20
2003-06,0.013621557595498964,2364,128,127,758,3377,20
2003-07,0.059324522760646106,2383,126,122,774,3405,20
2003-08,0.023303233323623652,2403,110,109,811,3433,20
2003-09,0.04671791839148433,2367,121,98,796,3382,20
2003-10,0.03952802359882006,2373,130,121,766,3390,20
2003-11,0.04502923976608187,2394,120,110,796,3420,20
2003-12,0.04266359181320265,2428,136,111,794,3469,20
2004-01,0.04977116704805492,2447,137,107,805,3496,20
2004-02,0.04001143183766791,2449,140,124,786,3499,20
2004-03,0.04149620105201637,2395,120,107,800,3422,20
2004-04,0.02440441603718768,2409,151,131,751,3442,20
2004-05,0.006327293643945931,2434,134,133,776,3477,20
2004-06,0.019086176980913822,2420,126,118,794,3458,20
2004-07,0.052298850574712646,2436,134,126,784,3480,20
2004-08,0.06664767872401026,2458,130,124,799,3511,20
2004-09,0.058772687986171135,2430,126,116,799,3471,20
2004-10,0.03499713138267355,2440,138,111,797,3486,20
2004-11,0.019434124035438698,2449,120,118,812,3499,20
2004-12,0.003403289846851957,2468,138,127,793,3526,20
2005-01,0.06742209631728045,2471,156,128,775,3530,20
2005-02,0.0016992353440951572,2472,150,146,763,3531,20
2005-03,0.04419889502762431,2407,149,130,753,3439,20
2005-04,0.07846556233653008,2409,125,111,796,3441,20
2005-05,0.030136192407997683,2416,147,121,767,3451,20
2005-06,0.0617828773168579,2379,155,140,725,3399,20
2005-07,0.04826368452030606,2378,155,143,722,3398,20
2005-08,0.017033773861967694,2383,148,142,732,3405,20
2005-09,0.01021327726043857,2330,150,116,733,3329,20
2005-10,0.006015037593984963,2327,149,137,712,3325,20
2005-11,0.042067307692307696,2329,154,123,722,3328,20
2005-12,0.0381633870005963,2348,158,147,701,3354,20
2006-01,0.0380952380952381,2352,151,124,733,3360,20
2006-02,0.010113027959547887,2353,158,132,719,3362,20
2006-03,0.05365853658536585,2296,130,117,737,3280,20
2006-04,0.02926829268292683,2296,135,107,742,3280,20
2006-05,0.01399878271454656,2300,135,124,727,3286,20
2006-06,0.004920049200492005,2276,121,112,743,3252,20
2006-07,0.06015960712093309,2280,131,126,721,3258,20
2006-08,0.018983466013472138,2286,128,126,726,3266,20
2006-09,0.018176120338451895,2234,136,106,715,3191,20
2006-10,0.06641604010025062,2234,113,111,734,3192,20
2006-11,0.017489069331667707,2241,140,134,687,3202,20
2006-12,0.051891216005001566,2239,153,114,693,3199,20
2007-01,0.016869728209934397,2241,150,118,692,3201,20
2007-02,0.05176177112566261,2245,136,122,704,3207,20
2007-03,0.06060606060606061,2171,138,132,661,3102,20
2007-04,0.003869719445340213,2171,127,122,681,3101,20
2007-05,0.014207297384565708,2168,140,139,650,3097,20
2007-06,0.0013175230566534915,2125,151,141,619,3036,20
2007-07,0.0019743336623889436,2127,146,140,626,3039,20
2007-08,0.009201445941505093,2130,172,136,605,3043,20
2007-09,0.06070713809206137,2098,151,122,627,2998,20
2007-10,0.0546484505164945,2101,145,130,625,3001,20
2007-11,0.0525965379494008,2103,135,119,647,3004,20
2007-12,0.05064978340553149,2101,170,115,615,3001,20
2008-01,0.05706702057067021,2110,144,115,645,3014,20
2008-02,0.07145219980152166,2116,141,127,639,3023,20
2008-03,0.0646900269541779,2077,164,144,583,2968,20
2008-04,0.06182795698924731,2083,127,108,658,2976,20
2008-05,0.01341831600134183,2087,145,127,622,2981,20
2008-06,0.01822477219034762,2074,151,144,594,2963,20
2008-07,0.018773047267851155,2088,145,131,619,2983,20
2008-08,0.012679346012679346,2098,143,129,627,2997,20
2008-09,0.07480448826929616,2059,156,138,588,2941,20
2008-10,0.020380434782608696,2061,172,125,586,2944,20
2008-11,0.06896551724137931,2070,155,143,590,2958,20
2008-12,0.06221889055472264,1867,123,95,583,2668,20
2009-01,0.06845238095238096,1881,125,104,578,2688,20
2009-02,0.07060572277963582,1884,122,102,583,2691,20
2009-03,0.041567291311754684,2054,162,133,586,2935,20
2009-04,0.05247018739352641,2054,128,100,653,2935,20
2009-05,0.054384772263766146,2059,121,115,647,2942,20
2009-06,0.061686086360520906,2042,141,121,614,2918,20
2009-07,0.004078857919782461,2059,159,118,606,2942,20
2009-08,0.04128595600676819,2068,159,117,611,2955,20
2009-09,0.002054794520547945,2044,134,124,618,2920,20
2009-10,0.0027359781121751026,2047,148,116,613,2924,20
2009-11,0.027986348122866895,2051,146,119,614,2930,20
2009-12,0.046153846153846156,1911,144,117,558,2730,20
2010-01,0.030612244897959183,1921,156,96,571,2744,20
2010-02,0.006545454545454545,1925,155,111,559,2750,20
2010-03,0.01730624529721595,1860,154,125,519,2658,20
2010-04,0.04583020285499624,1863,154,102,543,2662,20
2010-05,0.01347305389221557,1870,145,117,540,2672,20
2010-06,0.06212121212121212,1848,149,120,523,2640,20
2010-07,0.02412363362231436,1857,159,108,529,2653,20
2010-08,0.01952684941794968,1864,141,130,528,2663,20
2010-09,0.023718439173680182,1830,153,108,523,2614,20
2010-10,0.003827018752391887,1829,146,117,521,2613,20
2010-11,0.0030464584920030465,1838,138,109,541,2626,20
2010-12,0.0014986886474334957,1868,154,124,523,2669,20
2011-01,0.010447761194029851,1876,159,122,523,2680,20
2011-02,0.005210271678451805,1881,149,129,528,2687,20
2011-03,0.057644991212653776,1991,161,125,568,2845,20
2011-04,0.002803083391730904,1998,148,113,595,2854,20
2011-05,0.023076923076923078,2002,163,122,573,2860,20
2011-06,0.02611150317572336,1984,153,130,567,2834,20
2011-07,0.0028060329708874078,1996,153,133,569,2851,20
2011-08,0.06980802792321117,2005,139,126,595,2865,20
2011-09,0.01060070671378092,1981,126,112,611,2830,20
2011-10,0.006355932203389831,1982,146,132,572,2832,20
2011-11,0.00140597539543058,1991,140,119,595,2845,20
2011-12,0.0007785130400934215,1798,157,110,504,2569,20
2012-01,0.02632597754548974,1808,164,118,493,2583,20
2012-02,0.028648857917150602,1808,159,122,494,2583,20
2012-03,0.03167746580273578,1944,168,110,556,2778,20
2012-04,0.034495149119655046,1948,178,112,545,2783,20
2012-05,0.007896625987078248,1950,173,107,556,2786,20
2012-06,0.03840579710144928,1932,171,109,548,2760,20
2012-07,0.0036127167630057803,1937,158,107,566,2768,20
2012-08,0.004329004329004329,1940,164,110,558,2772,20
2012-09,0.027606247729749366,1927,147,120,559,2753,20
2012-10,0.007275372862859221,1924,150,111,564,2749,20
2012-11,0.06254545454545454,1925,165,113,547,2750,20
2012-12,0.0036363636363636364,1925,142,138,545,2750,20
2013-01,0.05161759360232643,1926,140,114,571,2751,20
2013-02,0.007994186046511628,1926,160,109,557,2752,20
2013-03,0.006716417910447761,1876,147,109,548,2680,20
2013-04,0.007473841554559043,1873,140,117,546,2676,20
2013-05,0.005229734777736272,1874,151,124,528,2677,20
2013-06,0.01281085154483798,1858,145,116,535,2654,20
2013-07,0.0030131826741996233,1858,148,130,519,2655,20
2013-08,0.011286681715575621,1860,143,132,523,2658,20
2013-09,0.016104294478527608,1825,151,124,508,2608,20
2013-10,0.0045854031333588076,1832,147,126,512,2617,20
2013-11,0.04798172124904798,1838,139,111,538,2626,20
2013-12,0.0015065913370998117,1858,157,132,508,2655,20
2014-01,0.04357625845229151,1863,160,122,517,2662,19
2014-02,0.0600375234521576,1865,149,122,529,2665,20
2014-03,0.05267175572519084,1834,135,89,562,2620,20
2014-04,0.0060721062618595825,1844,141,126,524,2635,20
2014-05,0.06432084752175558,1850,134,118,541,2643,20
2014-06,0.02211208539839878,1836,147,121,519,2623,20
2014-07,0.01976434815659445,1842,151,122,516,2631,20
2014-08,0.015151515151515152,1848,152,123,517,2640,20
2014-09,0.06069919323857088,1822,137,118,526,2603,20
2014-10,0.06535947712418301,1821,121,95,564,2601,20
2014-11,0.019969278033794162,1823,148,103,530,2604,20
2014-12,0.025162028211971027,1836,161,104,522,2623,20
2015-01,0.010606060606060607,1848,162,113,517,2640,18
2015-02,0.0174110522331567,1849,128,120,545,2642,20
2015-03,0.010736196319018405,1825,160,128,495,2608,20
2015-04,0.006123230003827019,1829,134,127,523,2613,20
2015-05,0.006875477463712758,1832,146,138,502,2618,20
2015-06,0.02631578947368421,1809,142,118,515,2584,19
2015-07,0.010058027079303675,1809,146,115,515,2585,20
2015-08,0.001539645881447267,1818,148,124,508,2598,19
2015-09,0.038613081166272656,1776,137,123,502,2538,20
2015-10,0.01024428684003152,1776,128,108,526,2538,20
2015-11,0.02753737214791503,1779,151,127,485,2542,20
2015-12,0.009478672985781991,1772,84,81,595,2532,20
2016-01,0.0568495854717726,1773,114,97,549,2533,20
2016-02,0.007097791798107256,1775,103,93,565,2536,20
2016-03,0.011226944667201283,1746,144,133,471,2494,20
2016-04,0.03510171519744715,1755,109,106,537,2507,20
2016-05,0.00875796178343949,1758,111,107,536,2512,20
2016-06,0.008054772452678213,1738,131,121,493,2483,20
2016-07,0.00482897384305835,1739,161,118,467,2485,20
2016-08,0.01603849238171612,1746,127,115,506,2494,20
2016-09,0.0032599837000814994,1718,155,104,477,2454,20
2016-10,0.03825803825803826,1720,126,106,505,2457,20
2016-11,0.0169971671388102,1730,135,78,528,2471,20
2016-12,0.0032414910858995136,1727,149,124,468,2468,20
2017-01,0.004048582995951417,1729,148,111,482,2470,20
2017-02,0.002426202992317024,1731,111,104,527,2473,20
2017-03,0.054749066777270844,1688,132,99,492,2411,20
2017-04,0.017391304347826087,1690,151,103,471,2415,20
2017-05,0.00494641384995878,1698,139,110,479,2426,20
2017-06,0.0033472803347280333,1673,144,112,461,2390,20
2017-07,0.020815986677768527,1681,111,103,507,2402,20
2017-08,0.0033195020746887966,1687,139,100,484,2410,20
2017-09,0.0629458665547629,1668,129,96,490,2383,20
2017-10,0.015012510425354461,1678,145,122,453,2398,20
2017-11,0.020729684908789386,1688,146,106,472,2412,20
2017-12,0.02383888203863543,1703,125,102,503,2433,20
2018-01,0.016413623307345096,1706,119,95,517,2437,20
2018-02,0.004895960832313341,1716,140,87,508,2451,20
2018-03,0.01589293182768716,1674,139,89,489,2391,20
2018-04,0.05723766072169224,1688,134,100,489,2411,20
2018-05,0.04116920543433512,1700,129,111,489,2429,20
2018-06,0.005823627287853577,1683,120,90,511,2404,20
2018-07,0.002484472049689441,1690,128,92,505,2415,20
2018-08,0.03204601479046836,1704,126,97,507,2434,20
2018-09,0.0041753653444676405,1676,110,92,517,2395,20
2018-10,0.0024968789013732834,1682,117,89,515,2403,20
2018-11,0.0041390728476821195,1691,106,76,543,2416,20
2018-12,0.02138157894736842,1702,120,95,515,2432,20
2019-01,0.009836065573770493,1708,131,85,516,2440,20
2019-02,0.0212678936605317,1711,116,84,534,2445,20
2019-03,0.003389830508474576,1652,107,92,509,2360,20
2019-04,0.005086901229334464,1651,114,82,512,2359,20
2019-05,0.001693480101608806,1653,99,88,522,2362,20
2019-06,0.006785411365564037,1650,139,84,485,2358,20
2019-07,0.004224757076468103,1657,130,85,495,2367,20
2019-08,0.005008347245409015,1677,125,77,517,2396,20
2019-09,0.06178586542530681,1654,124,92,493,2363,18
2019-10,0.0033798056611744824,1657,115,71,524,2367,20
2019-11,0.005894736842105263,1662,88,86,539,2375,20
2019-12,0.0075282308657465494,1674,115,103,499,2391,20
2020-01,0.004173622704507512,1677,124,85,510,2396,20
2020-02,0.010020876826722338,1676,115,103,501,2395,20
2020-03,0.050774526678141134,1627,112,78,507,2324,20
2020-04,0.03622250970245795,1623,117,93,486,2319,19
2020-05,0.043122035360069,1623,115,77,504,2319,20
2020-06,0.006947459834997829,1612,125,89,477,2303,20
2020-07,0.005219660722053067,1609,113,111,466,2299,20
2020-08,0.01652892561983471,1609,104,81,505,2299,20
2020-09,0.018485915492957746,1590,112,97,473,2272,20
2020-10,0.001762114537444934,1589,110,109,462,2270,20
2020-11,0.007048458149779736,1589,100,96,485,2270,20
2020-12,0.006151142355008787,1593,108,82,493,2276,20
2021-01,0.024626209322779244,1592,105,87,490,2274,20
2021-02,0.05807303123625165,1591,99,95,488,2273,18
2021-03,0.009066183136899365,1544,102,91,469,2206,20
2021-04,0.06893424036281179,1543,96,89,477,2205,20
2021-05,0.011796733212341199,1543,98,78,485,2204,20
2021-06,0.017503454629203132,1520,112,81,458,2171,20
2021-07,0.018467220683287166,1516,117,80,453,2166,20
2021-08,0.06549815498154982,1517,108,81,462,2168,20
2021-09,0.0625,1501,112,72,459,2144,20
2021-10,0.013059701492537313,1501,117,82,444,2144,20
2021-11,0.06626224918338777,1500,109,75,459,2143,20
2021-12,0.06310904872389791,1508,111,69,467,2155,20
2022-01,0.06774941995359629,1508,116,77,454,2155,20
2022-02,0.05754060324825986,1508,109,78,460,2155,20
2022-03,0.05854126679462572,1459,104,72,449,2084,20
2022-04,0.004803073967339097,1457,91,83,451,2082,20
2022-05,0.0038443056222969728,1457,107,78,439,2081,20
2022-06,0.01842870999030068,1443,86,75,458,2062,20
2022-07,0.00837257980115123,1338,190,77,306,1911,20
2022-08,0.00975609756097561,1291,170,116,268,1845,20
