month,invested,outlier,first,second,rest,total,number of clusters
1990-01,80,1757,126,42,28,1953,13
1990-02,42,1762,103,81,12,1958,13
1990-03,68,1729,109,43,40,1921,13
1990-04,68,1734,121,65,7,1927,13
1990-05,20,1756,91,82,22,1951,13
1990-06,66,1772,116,81,0,1969,12
1990-07,92,1783,121,39,38,1981,13
1990-08,50,1808,104,49,48,2009,13
1990-09,24,1804,78,68,55,2005,13
1990-10,2,1819,130,58,14,2021,13
1990-11,72,1833,89,60,55,2037,13
1990-12,60,1913,80,42,91,2126,15
1991-01,50,1934,72,49,94,2149,15
1991-02,50,1949,63,39,115,2166,20
1991-03,40,1900,54,47,111,2112,20
1991-04,58,1925,67,43,104,2139,20
1991-05,20,1943,51,46,119,2159,20
1991-06,58,1964,90,34,95,2183,20
1991-07,14,1994,71,47,104,2216,20
1991-08,44,2016,75,35,114,2240,20
1991-09,66,1997,79,62,81,2219,18
1991-10,34,2007,78,44,101,2230,20
1991-11,50,2009,89,43,92,2233,20
1991-12,8,2065,54,42,134,2295,20
1992-01,58,2059,84,44,101,2288,20
1992-02,54,2055,90,46,93,2284,20
1992-03,8,2008,76,64,84,2232,20
1992-04,50,2013,58,50,116,2237,20
1992-05,70,2019,83,58,84,2244,20
1992-06,24,2048,68,50,110,2276,20
1992-07,68,2065,80,48,102,2295,20
1992-08,38,2074,74,47,110,2305,20
1992-09,66,2051,77,45,106,2279,20
1992-10,50,2055,70,38,121,2284,20
1992-11,40,2064,80,30,120,2294,20
1992-12,0,2114,72,41,122,2349,18
1993-01,82,2108,85,50,100,2343,18
1993-02,60,2122,73,53,110,2358,20
1993-03,58,2063,69,51,110,2293,20
1993-04,80,2075,81,53,97,2306,20
1993-05,56,2082,79,64,89,2314,20
1993-06,52,2085,70,36,126,2317,20
1993-07,12,2100,75,32,127,2334,20
1993-08,70,2105,84,59,91,2339,20
1993-09,54,2071,63,33,135,2302,18
1993-10,46,2075,84,40,107,2306,20
1993-11,48,2083,79,36,117,2315,20
1993-12,8,2137,53,40,145,2375,20
1994-01,50,2151,73,42,124,2390,20
1994-02,54,2150,69,39,131,2389,20
1994-03,64,2098,63,50,120,2331,20
1994-04,72,2101,88,54,92,2335,20
1994-05,60,2119,90,51,95,2355,15
1994-06,50,2110,79,48,108,2345,20
1994-07,72,2128,78,46,113,2365,20
1994-08,70,2143,97,46,96,2382,20
1994-09,42,2114,81,54,100,2349,20
1994-10,26,2107,89,45,100,2341,17
1994-11,60,2103,89,58,87,2337,20
1994-12,50,2138,81,42,115,2376,19
1995-01,72,2143,88,54,97,2382,19
1995-02,86,2142,101,50,87,2380,19
1995-03,78,2116,84,59,92,2351,19
1995-04,64,2123,87,52,97,2359,20
1995-05,68,2140,91,48,99,2378,20
1995-06,42,2112,75,47,113,2347,18
1995-07,28,2134,85,62,91,2372,20
1995-08,48,2155,85,43,112,2395,20
1995-09,66,2143,82,51,106,2382,19
1995-10,68,2153,98,52,90,2393,20
1995-11,82,2174,87,49,106,2416,18
1995-12,74,2404,75,65,128,2672,19
1996-01,72,2417,80,46,143,2686,20
1996-02,30,2437,57,46,168,2708,20
1996-03,64,2244,83,38,129,2494,20
1996-04,12,2283,57,51,146,2537,20
1996-05,54,2304,75,46,135,2560,20
1996-06,58,2318,68,44,146,2576,20
1996-07,66,2580,80,67,140,2867,20
1996-08,36,2605,80,68,142,2895,20
1996-09,80,2527,109,64,108,2808,15
1996-10,88,2548,113,59,112,2832,20
1996-11,52,2575,90,64,132,2861,15
1996-12,94,2686,108,61,130,2985,18
1997-01,56,2692,114,64,121,2991,18
1997-02,96,2692,100,77,122,2991,18
1997-03,90,2562,97,87,101,2847,20
1997-04,40,2605,102,70,118,2895,20
1997-05,82,2613,104,43,144,2904,20
1997-06,64,2637,83,56,154,2930,20
1997-07,70,2668,90,63,144,2965,20
1997-08,102,2701,122,78,100,3001,18
1997-09,98,2644,104,80,110,2938,20
1997-10,78,2666,104,81,112,2963,18
1997-11,62,2681,120,60,118,2979,20
1997-12,50,2822,97,71,146,3136,20
1998-01,56,2868,80,50,189,3187,20
1998-02,78,2895,107,82,133,3217,20
1998-03,46,2862,111,88,119,3180,20
1998-04,48,2881,92,70,158,3201,20
1998-05,64,2898,62,61,199,3220,18
1998-06,72,2846,100,85,132,3163,20
1998-07,80,2851,86,67,164,3168,20
1998-08,108,2859,98,91,129,3177,20
1998-09,86,2804,77,55,180,3116,17
1998-10,96,2811,84,53,176,3124,20
1998-11,66,2831,115,92,108,3146,20
1998-12,62,2830,86,52,177,3145,20
1999-01,54,2840,79,73,164,3156,20
1999-02,62,2845,101,66,149,3161,20
1999-03,102,2985,115,90,127,3317,20
1999-04,110,2984,112,89,131,3316,20
1999-05,50,2982,104,84,144,3314,18
1999-06,90,2942,92,70,165,3269,20
1999-07,64,2967,100,55,175,3297,20
1999-08,68,2982,120,53,159,3314,20
1999-09,82,2980,92,55,185,3312,20
1999-10,92,3008,96,93,146,3343,20
1999-11,88,3052,90,89,160,3391,20
1999-12,108,3220,104,71,183,3578,20
2000-01,96,3248,88,75,198,3609,20
2000-02,42,3247,88,40,233,3608,20
2000-03,68,2755,99,52,155,3061,20
2000-04,10,2773,90,67,152,3082,20
2000-05,54,2799,84,61,166,3110,20
2000-06,60,2764,100,57,150,3071,20
2000-07,76,2791,78,65,168,3102,20
2000-08,76,2809,97,54,162,3122,20
2000-09,82,2740,101,52,152,3045,20
2000-10,88,2757,95,75,137,3064,20
2000-11,76,2786,110,58,142,3096,20
2000-12,98,3221,83,80,195,3579,18
2001-01,108,3228,118,113,128,3587,20
2001-02,98,3245,120,88,153,3606,20
2001-03,112,3115,105,99,142,3461,18
2001-04,90,3122,124,86,137,3469,20
2001-05,40,3131,116,75,157,3479,20
2001-06,84,3099,119,72,154,3444,20
2001-07,82,3104,110,95,140,3449,20
2001-08,58,3129,114,73,161,3477,20
2001-09,80,3039,86,74,178,3377,18
2001-10,98,3065,93,87,161,3406,18
2001-11,120,3097,82,76,187,3442,20
2001-12,10,3146,108,76,166,3496,20
2002-01,106,3166,84,62,206,3518,18
2002-02,72,3178,93,79,182,3532,20
2002-03,106,3082,122,75,146,3425,20
2002-04,116,3106,112,93,141,3452,20
2002-05,102,3136,121,60,168,3485,20
2002-06,54,3119,51,50,246,3466,20
2002-07,62,3148,135,65,150,3498,20
2002-08,100,3172,114,107,132,3525,20
2002-09,70,3100,78,48,219,3445,20
2002-10,32,3102,107,87,151,3447,18
2002-11,126,3106,125,52,169,3452,20
2002-12,116,3095,93,70,181,3439,20
2003-01,30,3101,92,50,203,3446,20
2003-02,52,3107,91,70,185,3453,20
2003-03,102,3024,100,95,141,3360,20
2003-04,54,3026,95,58,184,3363,18
2003-05,104,3043,77,67,194,3381,20
2003-06,56,3039,90,75,173,3377,20
2003-07,100,3064,90,73,178,3405,18
2003-08,30,3089,77,48,219,3433,20
2003-09,74,3043,78,58,203,3382,20
2003-10,86,3051,79,71,189,3390,20
2003-11,56,3078,72,57,213,3420,20
2003-12,70,3122,86,75,186,3469,20
2004-01,62,3146,106,70,174,3496,20
2004-02,66,3149,99,73,178,3499,18
2004-03,68,3079,94,44,205,3422,20
2004-04,80,3097,120,80,145,3442,20
2004-05,30,3129,89,83,176,3477,18
2004-06,60,3112,72,70,204,3458,18
2004-07,102,3132,87,56,205,3480,18
2004-08,110,3160,76,69,206,3511,20
2004-09,102,3124,84,70,193,3471,18
2004-10,72,3137,76,60,213,3486,20
2004-11,66,3149,74,63,213,3499,18
2004-12,26,3173,93,84,176,3526,20
2005-01,92,3177,95,87,171,3530,20
2005-02,12,3178,88,75,190,3531,20
2005-03,60,3095,97,53,194,3439,20
2005-04,100,3097,70,62,212,3441,20
2005-05,54,3106,114,53,178,3451,20
2005-06,70,3059,103,67,170,3399,20
2005-07,110,3058,117,64,159,3398,20
2005-08,54,3064,112,103,126,3405,20
2005-09,30,2996,110,44,179,3329,20
2005-10,34,2992,112,73,148,3325,20
2005-11,68,2995,110,61,162,3328,20
2005-12,74,3018,114,94,128,3354,19
2006-01,96,3024,111,69,156,3360,20
2006-02,44,3025,98,76,163,3362,20
2006-03,56,2952,88,66,174,3280,20
2006-04,72,2952,84,67,177,3280,19
2006-05,36,2957,77,73,179,3286,20
2006-06,8,2926,77,72,177,3252,20
2006-07,42,2932,102,68,156,3258,20
2006-08,50,2939,83,72,172,3266,20
2006-09,48,2872,98,51,170,3191,20
2006-10,52,2872,82,51,187,3192,20
2006-11,42,2881,93,88,140,3202,20
2006-12,90,2879,114,65,141,3199,20
2007-01,66,2881,101,64,155,3201,20
2007-02,64,2886,95,71,155,3207,20
2007-03,90,2791,99,85,127,3102,20
2007-04,16,2791,82,75,153,3101,20
2007-05,42,2787,85,79,146,3097,20
2007-06,10,2732,93,73,138,3036,20
2007-07,8,2735,95,63,146,3039,20
2007-08,24,2738,124,64,117,3043,19
2007-09,52,2698,69,57,174,2998,20
2007-10,64,2701,81,67,152,3001,20
2007-11,22,2703,73,48,180,3004,20
2007-12,46,2701,125,48,127,3001,20
2008-01,86,2712,74,63,165,3014,19
2008-02,60,2720,79,73,151,3023,20
2008-03,98,2671,105,85,107,2968,18
2008-04,52,2678,61,51,186,2976,20
2008-05,50,2683,84,80,134,2981,18
2008-06,34,2666,70,69,158,2963,20
2008-07,34,2684,62,59,178,2983,18
2008-08,34,2697,75,73,152,2997,20
2008-09,50,2647,77,69,148,2941,20
2008-10,52,2649,115,62,118,2944,20
2008-11,74,2662,99,94,103,2958,19
2008-12,10,2401,53,52,162,2668,20
2009-01,54,2419,59,58,152,2688,18
2009-02,52,2422,49,46,174,2691,20
2009-03,70,2641,89,60,145,2935,20
2009-04,58,2641,75,62,157,2935,19
2009-05,52,2647,69,62,164,2942,20
2009-06,46,2626,65,57,170,2918,20
2009-07,14,2647,97,73,125,2942,20
2009-08,56,2659,108,84,104,2955,20
2009-09,6,2628,103,78,111,2920,20
2009-10,14,2631,113,57,123,2924,20
2009-11,50,2637,110,62,121,2930,20
2009-12,12,2457,107,57,109,2730,20
2010-01,80,2469,120,46,109,2744,20
2010-02,28,2475,116,58,101,2750,18
2010-03,46,2392,112,78,76,2658,20
2010-04,38,2395,105,60,102,2662,20
2010-05,20,2404,115,56,97,2672,20
2010-06,34,2376,106,55,103,2640,20
2010-07,68,2387,116,52,98,2653,20
2010-08,36,2396,100,72,95,2663,20
2010-09,48,2352,107,43,112,2614,20
2010-10,26,2351,110,63,89,2613,20
2010-11,12,2363,92,62,109,2626,20
2010-12,8,2402,116,67,84,2669,20
2011-01,46,2412,114,63,91,2680,20
2011-02,28,2418,114,70,85,2687,20
2011-03,68,2560,115,68,102,2845,20
2011-04,20,2568,105,68,113,2854,20
2011-05,62,2574,114,68,104,2860,20
2011-06,36,2550,104,60,120,2834,20
2011-07,26,2566,111,76,98,2851,18
2011-08,94,2578,93,89,105,2865,18
2011-09,38,2547,100,59,124,2830,20
2011-10,32,2548,106,77,101,2832,19
2011-11,4,2560,101,70,114,2845,20
2011-12,2,2312,121,46,90,2569,15
2012-01,56,2324,88,41,130,2583,20
2012-02,64,2324,115,56,88,2583,20
2012-03,0,2500,112,50,116,2778,20
2012-04,72,2504,144,49,86,2783,20
2012-05,36,2507,141,46,92,2786,19
2012-06,78,2484,121,43,112,2760,20
2012-07,12,2491,125,49,103,2768,20
2012-08,26,2494,122,62,94,2772,13
2012-09,64,2477,116,70,90,2753,20
2012-10,34,2474,115,40,120,2749,18
2012-11,106,2475,130,52,93,2750,18
2012-12,12,2475,102,78,95,2750,18
2013-01,60,2476,89,60,126,2751,20
2013-02,36,2476,124,44,108,2752,18
2013-03,34,2412,116,60,92,2680,18
2013-04,24,2408,102,66,100,2676,18
2013-05,14,2409,113,59,96,2677,18
2013-06,42,2388,118,69,79,2654,13
2013-07,8,2389,124,77,65,2655,18
2013-08,22,2392,105,84,77,2658,13
2013-09,38,2347,115,59,87,2608,20
2013-10,14,2355,102,83,77,2617,13
2013-11,80,2363,96,54,113,2626,18
2013-12,6,2389,103,61,102,2655,18
2014-01,98,2395,129,78,60,2662,19
2014-02,70,2398,107,72,88,2665,20
2014-03,64,2358,108,60,94,2620,17
2014-04,24,2371,109,74,81,2635,18
2014-05,60,2378,99,56,110,2643,18
2014-06,72,2360,105,56,102,2623,18
2014-07,52,2368,111,52,100,2631,18
2014-08,20,2376,120,71,73,2640,20
2014-09,80,2342,94,66,101,2603,13
2014-10,68,2341,86,58,116,2601,15
2014-11,50,2343,110,53,98,2604,13
2014-12,64,2360,114,62,87,2623,13
2015-01,32,2376,78,62,124,2640,18
2015-02,68,2377,95,70,100,2642,18
2015-03,24,2347,122,77,62,2608,20
2015-04,10,2351,98,90,74,2613,13
2015-05,30,2356,106,98,58,2618,20
2015-06,18,2325,99,74,86,2584,18
2015-07,26,2326,96,58,105,2585,18
2015-08,10,2338,116,68,76,2598,13
2015-09,48,2284,81,75,98,2538,19
2015-10,16,2284,87,86,81,2538,19
2015-11,66,2287,101,85,69,2542,20
2015-12,22,2278,64,45,145,2532,20
2016-01,54,2279,77,73,104,2533,19
2016-02,14,2282,70,55,129,2536,18
2016-03,30,2244,71,67,112,2494,15
2016-04,58,2256,51,37,163,2507,18
2016-05,16,2260,74,44,134,2512,20
2016-06,4,2234,81,68,100,2483,20
2016-07,12,2236,91,58,100,2485,18
2016-08,28,2244,70,65,115,2494,20
2016-09,24,2208,110,38,98,2454,13
2016-10,14,2211,92,49,105,2457,13
2016-11,54,2224,102,42,103,2471,18
2016-12,6,2221,94,64,89,2468,18
2017-01,16,2223,118,51,78,2470,18
2017-02,4,2225,73,65,110,2473,20
2017-03,60,2170,103,41,97,2411,20
2017-04,32,2173,104,48,90,2415,18
2017-05,6,2183,90,55,98,2426,18
2017-06,10,2151,103,47,89,2390,18
2017-07,12,2161,71,49,121,2402,18
2017-08,12,2169,102,34,105,2410,18
2017-09,12,2144,84,48,107,2383,18
2017-10,44,2158,115,55,70,2398,18
2017-11,56,2170,105,37,100,2412,18
2017-12,62,2189,80,53,111,2433,18
2018-01,30,2193,72,56,116,2437,20
2018-02,12,2206,113,51,81,2451,13
2018-03,38,2152,97,50,92,2391,18
2018-04,60,2170,107,44,90,2411,18
2018-05,70,2186,90,47,106,2429,18
2018-06,18,2163,80,50,111,2404,18
2018-07,6,2173,88,41,113,2415,20
2018-08,58,2190,84,52,108,2434,18
2018-09,8,2155,74,43,123,2395,20
2018-10,8,2162,75,41,125,2403,20
2018-11,10,2174,69,43,130,2416,18
2018-12,32,2188,76,55,113,2432,20
2019-01,18,2196,59,47,138,2440,20
2019-02,16,2200,64,43,138,2445,20
2019-03,6,2124,54,47,135,2360,20
2019-04,8,2123,75,40,121,2359,18
2019-05,18,2125,53,41,143,2362,18
2019-06,8,2122,76,36,124,2358,20
2019-07,2,2130,57,56,124,2367,20
2019-08,6,2156,69,34,137,2396,20
2019-09,16,2126,72,46,119,2363,18
2019-10,6,2130,80,37,120,2367,20
2019-11,10,2137,50,46,142,2375,18
2019-12,14,2152,66,38,135,2391,20
2020-01,4,2156,74,40,126,2396,20
2020-02,26,2155,52,47,141,2395,20
2020-03,64,2091,70,41,122,2324,20
2020-04,50,2087,49,45,138,2319,19
2020-05,20,2087,72,51,109,2319,18
2020-06,20,2072,85,50,96,2303,18
2020-07,12,2069,75,72,83,2299,20
2020-08,22,2069,76,40,114,2299,15
2020-09,46,2044,87,64,77,2272,20
2020-10,4,2043,74,60,93,2270,18
2020-11,18,2043,70,66,91,2270,18
2020-12,20,2048,86,39,103,2276,12
2021-01,16,2046,87,44,97,2274,15
2021-02,48,2045,63,53,112,2273,12
2021-03,26,1985,69,49,103,2206,16
2021-04,30,1984,72,49,100,2205,12
2021-05,16,1983,73,54,94,2204,12
2021-06,30,1954,84,40,93,2171,20
2021-07,36,1949,97,39,81,2166,16
2021-08,58,1951,86,53,78,2168,12
2021-09,42,1929,76,37,102,2144,20
2021-10,26,1929,100,44,71,2144,16
2021-11,66,1928,93,43,79,2143,13
2021-12,60,1939,92,31,93,2155,13
2022-01,66,1939,86,42,88,2155,13
2022-02,68,1939,84,43,89,2155,20
2022-03,6,1875,66,44,99,2084,18
2022-04,12,1873,52,35,122,2082,20
2022-05,10,1873,81,28,99,2081,18
2022-06,36,1855,57,36,114,2062,18
2022-07,32,1720,157,34,0,1911,13
2022-08,30,1660,131,46,8,1845,13
