month,invested,outlier,first,second,rest,total,number of clusters
1990-01,132,1562,153,101,137,1953,23
1990-02,56,1566,119,109,164,1958,28
1990-03,130,1537,121,103,160,1921,23
1990-04,118,1541,97,94,195,1927,23
1990-05,108,1561,123,114,153,1951,23
1990-06,132,1575,153,96,145,1969,28
1990-07,144,1585,134,107,155,1981,23
1990-08,96,1607,93,80,229,2009,23
1990-09,30,1604,105,103,193,2005,28
1990-10,2,1617,118,96,190,2021,28
1990-11,126,1629,129,111,168,2037,28
1990-12,74,1701,77,72,276,2126,28
1991-01,86,1719,82,64,284,2149,28
1991-02,102,1733,85,73,275,2166,28
1991-03,84,1689,83,74,266,2112,28
1991-04,88,1711,83,75,270,2139,28
1991-05,24,1727,75,70,287,2159,28
1991-06,74,1746,74,68,295,2183,28
1991-07,20,1773,87,64,292,2216,30
1991-08,58,1792,93,82,273,2240,28
1991-09,104,1775,99,70,275,2219,30
1991-10,58,1784,102,74,270,2230,28
1991-11,68,1786,94,70,283,2233,30
1991-12,10,1836,105,78,276,2295,28
1992-01,78,1830,106,80,272,2288,28
1992-02,84,1827,98,60,299,2284,28
1992-03,8,1785,88,59,300,2232,28
1992-04,92,1789,93,60,295,2237,28
1992-05,100,1795,85,66,298,2244,30
1992-06,38,1821,82,75,298,2276,28
1992-07,92,1836,88,71,300,2295,28
1992-08,58,1844,95,69,297,2305,30
1992-09,108,1823,91,75,290,2279,28
1992-10,108,1827,100,72,285,2284,30
1992-11,70,1835,104,68,287,2294,28
1992-12,2,1879,117,78,275,2349,28
1993-01,98,1874,83,72,314,2343,28
1993-02,96,1886,85,65,322,2358,28
1993-03,82,1834,83,72,304,2293,28
1993-04,108,1845,92,71,298,2306,28
1993-05,76,1851,100,72,291,2314,28
1993-06,90,1853,93,78,293,2317,30
1993-07,18,1867,93,75,299,2334,28
1993-08,100,1871,109,65,294,2339,30
1993-09,106,1841,87,74,300,2302,28
1993-10,70,1845,96,79,286,2306,28
1993-11,72,1852,91,62,310,2315,30
1993-12,24,1900,95,75,305,2375,30
1994-01,92,1912,107,77,294,2390,29
1994-02,90,1911,83,71,324,2389,30
1994-03,92,1865,100,78,288,2331,28
1994-04,100,1868,99,72,296,2335,28
1994-05,78,1884,106,69,296,2355,30
1994-06,80,1876,94,65,310,2345,28
1994-07,98,1892,97,70,306,2365,30
1994-08,84,1905,108,72,297,2382,28
1994-09,84,1879,96,82,292,2349,28
1994-10,54,1873,91,62,315,2341,28
1994-11,98,1869,86,63,319,2337,28
1994-12,94,1901,98,71,306,2376,28
1995-01,106,1905,107,70,300,2382,28
1995-02,116,1904,106,68,302,2380,28
1995-03,122,1881,110,64,296,2351,28
1995-04,84,1887,93,69,310,2359,28
1995-05,106,1902,104,64,308,2378,28
1995-06,64,1877,104,67,299,2347,28
1995-07,70,1897,112,66,297,2372,28
1995-08,92,1916,104,62,313,2395,28
1995-09,100,1905,107,61,309,2382,28
1995-10,114,1914,94,66,319,2393,28
1995-11,104,1933,97,67,319,2416,28
1995-12,128,2137,115,61,359,2672,28
1996-01,126,2149,107,91,339,2686,28
1996-02,100,2166,104,76,362,2708,30
1996-03,112,1995,110,77,312,2494,28
1996-04,40,2029,107,70,331,2537,30
1996-05,82,2048,96,71,345,2560,28
1996-06,116,2061,104,69,342,2576,30
1996-07,128,2293,103,62,409,2867,30
1996-08,62,2316,113,85,381,2895,28
1996-09,110,2246,108,82,372,2808,30
1996-10,146,2265,134,75,358,2832,30
1996-11,100,2289,127,74,371,2861,28
1996-12,110,2388,118,96,383,2985,30
1997-01,96,2393,110,84,404,2991,28
1997-02,128,2393,112,88,398,2991,28
1997-03,130,2277,116,79,375,2847,28
1997-04,64,2316,100,78,401,2895,28
1997-05,120,2323,103,77,401,2904,30
1997-06,110,2344,113,83,390,2930,30
1997-07,112,2372,119,95,379,2965,28
1997-08,142,2401,120,90,390,3001,28
1997-09,126,2350,122,97,369,2938,28
1997-10,92,2370,112,79,402,2963,28
1997-11,104,2383,120,75,401,2979,28
1997-12,86,2509,117,97,413,3136,28
1998-01,118,2549,105,63,470,3187,30
1998-02,122,2573,113,95,436,3217,29
1998-03,56,2544,108,92,436,3180,29
1998-04,78,2561,103,94,443,3201,30
1998-05,100,2576,111,80,453,3220,28
1998-06,112,2530,94,91,448,3163,28
1998-07,100,2534,107,64,463,3168,28
1998-08,178,2541,101,96,439,3177,30
1998-09,152,2493,103,87,433,3116,28
1998-10,144,2499,107,83,435,3124,28
1998-11,132,2517,100,86,443,3146,30
1998-12,122,2516,112,91,426,3145,30
1999-01,86,2525,95,91,445,3156,29
1999-02,84,2529,112,99,421,3161,30
1999-03,142,2653,102,89,473,3317,30
1999-04,158,2653,103,91,469,3316,29
1999-05,70,2651,102,85,476,3314,30
1999-06,136,2615,111,79,464,3269,28
1999-07,86,2637,111,76,473,3297,30
1999-08,108,2651,120,81,462,3314,28
1999-09,156,2649,87,84,492,3312,30
1999-10,158,2674,111,86,472,3343,30
1999-11,128,2713,104,57,517,3391,30
1999-12,140,2862,109,93,514,3578,30
2000-01,168,2887,106,71,545,3609,30
2000-02,104,2886,99,76,547,3608,30
2000-03,110,2449,90,87,435,3061,28
2000-04,34,2465,100,72,445,3082,30
2000-05,84,2488,95,78,449,3110,30
2000-06,132,2457,120,85,409,3071,28
2000-07,166,2481,112,73,436,3102,30
2000-08,134,2497,134,65,426,3122,30
2000-09,162,2436,110,89,410,3045,28
2000-10,148,2451,100,90,423,3064,28
2000-11,142,2477,103,69,447,3096,30
2000-12,198,2863,130,93,493,3579,30
2001-01,178,2869,122,90,506,3587,30
2001-02,152,2885,119,74,528,3606,30
2001-03,162,2769,113,83,496,3461,30
2001-04,132,2775,126,92,476,3469,30
2001-05,60,2783,104,78,514,3479,29
2001-06,118,2755,118,85,486,3444,30
2001-07,134,2759,105,86,499,3449,28
2001-08,56,2781,124,86,486,3477,30
2001-09,142,2701,113,77,486,3377,30
2001-10,154,2725,129,104,448,3406,30
2001-11,174,2753,87,81,521,3442,30
2001-12,14,2797,114,89,496,3496,30
2002-01,164,2814,112,93,499,3518,30
2002-02,130,2825,120,98,489,3532,28
2002-03,178,2740,124,89,472,3425,30
2002-04,188,2761,129,88,474,3452,29
2002-05,164,2788,117,106,474,3485,28
2002-06,122,2773,123,81,489,3466,28
2002-07,76,2798,87,68,545,3498,30
2002-08,148,2820,117,97,491,3525,29
2002-09,120,2756,75,71,543,3445,28
2002-10,56,2757,98,91,501,3447,30
2002-11,186,2761,115,79,497,3452,29
2002-12,148,2751,120,91,477,3439,30
2003-01,34,2757,110,73,506,3446,29
2003-02,106,2762,126,80,485,3453,30
2003-03,144,2688,122,80,470,3360,30
2003-04,98,2690,108,76,489,3363,30
2003-05,148,2705,113,80,483,3381,30
2003-06,80,2701,108,77,491,3377,30
2003-07,138,2724,99,87,495,3405,28
2003-08,54,2746,96,92,499,3433,28
2003-09,104,2705,103,83,491,3382,28
2003-10,128,2712,86,76,516,3390,28
2003-11,150,2736,102,82,500,3420,28
2003-12,116,2775,95,93,506,3469,28
2004-01,132,2797,103,93,503,3496,28
2004-02,110,2799,80,75,545,3499,28
2004-03,114,2737,87,76,522,3422,28
2004-04,110,2753,80,75,534,3442,28
2004-05,32,2781,109,82,505,3477,29
2004-06,110,2766,102,73,517,3458,28
2004-07,170,2784,116,81,499,3480,30
2004-08,184,2809,109,78,515,3511,28
2004-09,168,2777,117,85,492,3471,30
2004-10,98,2789,75,72,550,3486,28
2004-11,110,2799,122,76,502,3499,28
2004-12,34,2821,117,79,509,3526,28
2005-01,172,2824,121,91,494,3530,28
2005-02,20,2825,116,81,509,3531,29
2005-03,122,2751,121,78,489,3439,28
2005-04,196,2753,108,97,483,3441,28
2005-05,80,2761,124,78,488,3451,29
2005-06,108,2719,121,80,479,3399,28
2005-07,140,2718,113,88,479,3398,28
2005-08,98,2724,125,96,460,3405,30
2005-09,70,2663,122,94,450,3329,28
2005-10,40,2660,117,89,459,3325,28
2005-11,102,2662,128,93,445,3328,30
2005-12,132,2683,134,83,454,3354,30
2006-01,142,2688,124,72,476,3360,28
2006-02,74,2689,124,90,459,3362,28
2006-03,92,2624,109,81,466,3280,28
2006-04,94,2624,104,85,467,3280,28
2006-05,76,2629,119,84,454,3286,28
2006-06,12,2601,109,95,447,3252,28
2006-07,66,2606,119,72,461,3258,30
2006-08,92,2613,106,73,474,3266,28
2006-09,82,2553,121,74,443,3191,28
2006-10,152,2553,119,79,441,3192,28
2006-11,86,2561,94,85,462,3202,28
2006-12,144,2559,119,79,442,3199,28
2007-01,90,2561,123,69,448,3201,28
2007-02,128,2565,106,84,452,3207,28
2007-03,152,2481,115,78,428,3102,28
2007-04,32,2481,113,83,424,3101,28
2007-05,82,2477,126,79,415,3097,28
2007-06,18,2429,137,76,394,3036,28
2007-07,14,2431,135,95,378,3039,28
2007-08,30,2434,148,83,378,3043,28
2007-09,136,2398,127,89,384,2998,28
2007-10,118,2401,120,97,383,3001,28
2007-11,86,2403,139,72,390,3004,28
2007-12,68,2401,119,93,388,3001,28
2008-01,120,2411,100,94,409,3014,28
2008-02,106,2418,117,84,404,3023,28
2008-03,174,2374,139,84,371,2968,28
2008-04,98,2381,112,89,394,2976,28
2008-05,66,2385,109,96,391,2981,28
2008-06,52,2370,108,87,398,2963,28
2008-07,80,2386,117,92,388,2983,28
2008-08,66,2397,99,94,407,2997,30
2008-09,110,2353,130,82,376,2941,28
2008-10,106,2355,131,85,373,2944,28
2008-11,154,2366,102,93,397,2958,28
2008-12,24,2134,109,88,337,2668,28
2009-01,124,2150,92,89,357,2688,28
2009-02,118,2153,94,79,365,2691,28
2009-03,106,2348,93,83,411,2935,30
2009-04,110,2348,95,84,408,2935,28
2009-05,86,2353,104,89,396,2942,28
2009-06,124,2334,93,88,403,2918,28
2009-07,28,2353,104,85,400,2942,30
2009-08,82,2364,112,95,384,2955,28
2009-09,16,2336,102,101,381,2920,30
2009-10,12,2339,121,99,365,2924,30
2009-11,92,2344,123,89,374,2930,30
2009-12,16,2184,117,75,354,2730,28
2010-01,116,2195,124,94,331,2744,30
2010-02,32,2200,110,84,356,2750,30
2010-03,70,2126,105,90,337,2658,30
2010-04,58,2129,123,93,317,2662,28
2010-05,28,2137,117,80,338,2672,30
2010-06,68,2112,97,73,358,2640,30
2010-07,114,2122,119,81,331,2653,30
2010-08,46,2130,104,66,363,2663,30
2010-09,84,2091,108,85,330,2614,28
2010-10,34,2090,85,83,355,2613,30
2010-11,14,2101,136,71,318,2626,28
2010-12,8,2135,124,79,331,2669,30
2011-01,56,2144,117,77,342,2680,28
2011-02,36,2149,126,76,336,2687,28
2011-03,122,2276,131,97,341,2845,30
2011-04,22,2283,132,84,355,2854,28
2011-05,94,2288,118,80,374,2860,28
2011-06,60,2267,133,94,340,2834,28
2011-07,32,2281,121,89,360,2851,28
2011-08,150,2292,127,92,354,2865,28
2011-09,78,2264,121,89,356,2830,28
2011-10,50,2265,121,88,358,2832,28
2011-11,4,2276,109,88,372,2845,28
2011-12,2,2055,119,77,318,2569,28
2012-01,84,2066,104,94,319,2583,28
2012-02,80,2066,115,84,318,2583,28
2012-03,4,2222,114,94,348,2778,28
2012-04,120,2226,133,74,350,2783,28
2012-05,52,2229,141,74,342,2786,28
2012-06,144,2208,154,76,322,2760,28
2012-07,14,2214,137,79,338,2768,28
2012-08,44,2217,136,92,327,2772,30
2012-09,112,2202,144,70,337,2753,28
2012-10,40,2199,141,81,328,2749,28
2012-11,156,2200,142,94,314,2750,28
2012-12,22,2200,119,95,336,2750,28
2013-01,142,2201,128,94,328,2751,28
2013-02,54,2201,134,84,333,2752,28
2013-03,46,2144,127,83,326,2680,30
2013-04,38,2141,126,79,330,2676,30
2013-05,22,2141,111,79,346,2677,30
2013-06,54,2123,121,84,326,2654,30
2013-07,12,2124,117,91,323,2655,30
2013-08,32,2126,133,83,316,2658,28
2013-09,50,2086,118,74,330,2608,28
2013-10,16,2093,123,59,342,2617,30
2013-11,114,2101,119,80,326,2626,28
2013-12,8,2124,133,84,314,2655,28
2014-01,132,2129,137,77,319,2662,23
2014-02,84,2132,126,76,331,2665,28
2014-03,128,2096,122,70,332,2620,28
2014-04,38,2108,111,76,340,2635,28
2014-05,86,2114,131,72,326,2643,28
2014-06,96,2098,125,88,312,2623,28
2014-07,76,2105,120,78,328,2631,28
2014-08,42,2112,133,63,332,2640,28
2014-09,100,2082,127,57,337,2603,28
2014-10,124,2081,119,79,322,2601,28
2014-11,94,2083,136,70,315,2604,28
2014-12,98,2098,135,68,322,2623,30
2015-01,50,2112,142,73,313,2640,28
2015-02,70,2113,123,65,341,2642,28
2015-03,42,2086,132,86,304,2608,30
2015-04,28,2090,125,90,308,2613,30
2015-05,42,2094,115,70,339,2618,30
2015-06,32,2067,114,86,317,2584,28
2015-07,38,2068,116,71,330,2585,30
2015-08,12,2078,122,75,323,2598,30
2015-09,94,2030,120,80,308,2538,30
2015-10,30,2030,125,66,317,2538,30
2015-11,98,2033,119,80,310,2542,30
2015-12,36,2025,128,64,315,2532,30
2016-01,86,2026,124,72,311,2533,30
2016-02,44,2029,112,69,326,2536,30
2016-03,48,1995,109,80,310,2494,30
2016-04,100,2005,102,71,329,2507,30
2016-05,30,2009,107,85,311,2512,30
2016-06,18,1986,82,81,334,2483,30
2016-07,16,1988,84,76,337,2485,28
2016-08,56,1995,103,79,317,2494,28
2016-09,40,1963,128,78,285,2454,30
2016-10,40,1965,118,75,299,2457,30
2016-11,70,1977,89,81,324,2471,23
2016-12,6,1974,113,62,319,2468,30
2017-01,20,1976,118,84,292,2470,30
2017-02,16,1978,122,83,290,2473,30
2017-03,90,1929,91,76,315,2411,30
2017-04,36,1932,114,79,290,2415,28
2017-05,14,1941,109,82,294,2426,30
2017-06,14,1912,109,80,289,2390,28
2017-07,20,1921,111,58,312,2402,30
2017-08,14,1928,121,76,285,2410,30
2017-09,36,1906,107,78,292,2383,28
2017-10,60,1918,112,70,298,2398,28
2017-11,70,1929,110,76,297,2412,28
2017-12,62,1946,106,75,306,2433,28
2018-01,68,1949,95,80,313,2437,28
2018-02,16,1961,116,71,303,2451,28
2018-03,86,1913,114,74,290,2391,28
2018-04,70,1929,118,76,288,2411,28
2018-05,92,1943,115,70,301,2429,28
2018-06,30,1923,126,77,278,2404,28
2018-07,16,1932,111,73,299,2415,30
2018-08,76,1947,115,88,284,2434,30
2018-09,30,1916,113,82,284,2395,30
2018-10,12,1922,112,73,296,2403,30
2018-11,28,1933,118,72,293,2416,28
2018-12,80,1945,130,75,282,2432,28
2019-01,58,1952,120,79,289,2440,30
2019-02,30,1956,108,67,314,2445,30
2019-03,18,1888,121,68,283,2360,28
2019-04,12,1887,106,81,285,2359,28
2019-05,24,1889,118,79,276,2362,28
2019-06,14,1886,107,68,297,2358,28
2019-07,18,1893,115,74,285,2367,28
2019-08,20,1917,103,71,305,2396,28
2019-09,18,1890,103,80,290,2363,30
2019-10,6,1893,114,83,277,2367,28
2019-11,16,1900,102,82,291,2375,30
2019-12,18,1913,103,80,295,2391,30
2020-01,14,1917,127,79,273,2396,30
2020-02,50,1916,111,70,298,2395,30
2020-03,126,1859,124,79,262,2324,30
2020-04,112,1855,104,78,282,2319,30
2020-05,40,1855,107,76,281,2319,30
2020-06,28,1842,103,76,282,2303,30
2020-07,16,1839,109,74,277,2299,30
2020-08,56,1839,103,76,281,2299,30
2020-09,52,1817,89,79,287,2272,29
2020-10,12,1816,107,60,287,2270,28
2020-11,22,1816,104,71,279,2270,28
2020-12,32,1821,109,65,281,2276,28
2021-01,30,1819,89,56,310,2274,28
2021-02,88,1818,57,49,349,2273,28
2021-03,42,1765,66,58,317,2206,28
2021-04,54,1764,67,59,315,2205,28
2021-05,42,1763,83,62,296,2204,28
2021-06,62,1737,81,55,298,2171,28
2021-07,66,1733,86,54,293,2166,28
2021-08,96,1734,87,64,283,2168,28
2021-09,104,1715,91,58,280,2144,28
2021-10,42,1715,97,64,268,2144,28
2021-11,112,1714,95,66,268,2143,28
2021-12,92,1724,92,64,275,2155,28
2022-01,110,1724,85,60,286,2155,28
2022-02,112,1724,92,64,275,2155,28
2022-03,22,1667,88,64,265,2084,28
2022-04,18,1665,92,52,273,2082,29
2022-05,10,1665,95,63,258,2081,28
2022-06,44,1649,80,61,272,2062,28
2022-07,36,1529,139,96,147,1911,23
2022-08,54,1476,123,105,141,1845,23
