month,invested,outlier,first,second,rest,total,number of clusters
1990-01,0.05325140809011777,1367,163,135,288,1953,28
1990-02,0.05311542390194075,1370,141,124,323,1958,28
1990-03,0.07600208224882873,1345,140,129,307,1921,28
1990-04,0.06746237675142709,1349,130,122,326,1927,28
1990-05,0.02665299846232701,1366,134,129,322,1951,28
1990-06,0.05891315388522093,1378,160,117,314,1969,28
1990-07,0.06259464916708733,1387,144,131,319,1981,28
1990-08,0.041811846689895474,1406,133,124,346,2009,28
1990-09,0.055860349127182046,1403,132,127,343,2005,28
1990-10,0.070262246412667,1415,138,128,340,2021,28
1990-11,0.07461953853706431,1426,163,141,307,2037,28
1990-12,0.036688617121354655,1488,101,85,452,2126,28
1991-01,0.041879944160074456,1504,99,79,467,2149,30
1991-02,0.04709141274238227,1516,96,83,471,2166,30
1991-03,0.04640151515151515,1478,93,86,455,2112,30
1991-04,0.06358111266947171,1497,99,86,457,2139,30
1991-05,0.05650764242704956,1511,87,79,482,2159,29
1991-06,0.04306000916170408,1528,83,79,493,2183,30
1991-07,0.05685920577617329,1551,96,79,490,2216,30
1991-08,0.027678571428571427,1568,102,92,478,2240,30
1991-09,0.040558810274898605,1553,107,85,474,2219,30
1991-10,0.011659192825112108,1561,109,81,479,2230,30
1991-11,0.02239140170174653,1563,100,78,492,2233,30
1991-12,0.0017429193899782135,1606,118,88,483,2295,30
1992-01,0.028846153846153848,1601,118,94,475,2288,30
1992-02,0.04553415061295972,1599,104,75,506,2284,30
1992-03,0.002688172043010753,1562,99,73,498,2232,30
1992-04,0.04380867232901207,1566,105,74,492,2237,30
1992-05,0.06862745098039216,1571,100,83,490,2244,30
1992-06,0.019332161687170474,1593,95,82,506,2276,28
1992-07,0.05751633986928104,1606,103,83,503,2295,30
1992-08,0.012147505422993492,1613,104,79,509,2305,30
1992-09,0.05353225098727512,1595,100,81,503,2279,28
1992-10,0.06042031523642732,1599,105,87,493,2284,30
1992-11,0.06015693112467306,1606,120,79,489,2294,30
1992-12,0.0008514261387824606,1644,121,85,499,2349,30
1993-01,0.046094750320102434,1640,91,80,532,2343,30
1993-02,0.041560644614079725,1650,97,77,534,2358,30
1993-03,0.06454426515481901,1605,91,86,511,2293,30
1993-04,0.06157849089332177,1614,100,85,507,2306,30
1993-05,0.03197925669835782,1620,110,86,498,2314,28
1993-06,0.050927924039706515,1622,103,82,510,2317,30
1993-07,0.004284490145672665,1634,100,84,516,2334,30
1993-08,0.06669516887558785,1637,117,83,502,2339,30
1993-09,0.06516072980017376,1611,94,88,509,2302,30
1993-10,0.05290546400693842,1614,106,92,494,2306,30
1993-11,0.056155507559395246,1620,101,68,526,2315,30
1993-12,0.003368421052631579,1662,101,92,520,2375,30
1994-01,0.04100418410041841,1673,116,90,511,2390,30
1994-02,0.06529928840519046,1672,93,89,535,2389,30
1994-03,0.06520806520806521,1632,105,84,510,2331,30
1994-04,0.05910064239828694,1634,105,85,511,2335,30
1994-05,0.04670912951167728,1648,112,81,514,2355,30
1994-06,0.05884861407249467,1641,105,74,525,2345,30
1994-07,0.06765327695560254,1655,106,79,525,2365,30
1994-08,0.033585222502099076,1667,112,87,516,2382,30
1994-09,0.020434227330779056,1644,104,103,498,2349,30
1994-10,0.013669372063220846,1639,95,73,534,2341,28
1994-11,0.059050064184852376,1636,96,72,533,2337,30
1994-12,0.05723905723905724,1663,110,86,517,2376,28
1995-01,0.06465155331654072,1667,111,77,527,2382,30
1995-02,0.058823529411764705,1666,115,79,520,2380,30
1995-03,0.06635474266269673,1646,117,80,508,2351,28
1995-04,0.05341246290801187,1651,103,78,527,2359,28
1995-05,0.05382674516400336,1664,115,75,524,2378,28
1995-06,0.017043033659991477,1643,112,73,519,2347,30
1995-07,0.01433389544688027,1660,117,77,518,2372,30
1995-08,0.05177453027139875,1676,117,77,525,2395,28
1995-09,0.054575986565911,1667,121,77,517,2382,28
1995-10,0.06936899289594652,1675,106,78,534,2393,28
1995-11,0.061258278145695365,1691,106,73,546,2416,30
1995-12,0.06212574850299401,1870,125,84,593,2672,30
1996-01,0.054355919583023084,1880,118,109,579,2686,30
1996-02,0.0310192023633678,1895,115,94,604,2708,30
1996-03,0.061748195669607056,1746,118,88,542,2494,30
1996-04,0.005518328734726055,1776,116,78,567,2537,30
1996-05,0.04765625,1792,114,87,567,2560,30
1996-06,0.06987577639751552,1803,117,77,579,2576,30
1996-07,0.07673526334147192,2007,114,86,660,2867,30
1996-08,0.01934369602763385,2026,122,95,652,2895,30
1996-09,0.06196581196581197,1965,122,95,626,2808,30
1996-10,0.067090395480226,1982,141,89,620,2832,30
1996-11,0.02446696959105208,2003,136,87,635,2861,30
1996-12,0.052931323283082074,2089,132,111,653,2985,30
1997-01,0.0160481444332999,2094,125,107,665,2991,30
1997-02,0.04948177866934136,2094,119,101,677,2991,30
1997-03,0.06603442219880576,1993,131,104,619,2847,30
1997-04,0.015889464594127805,2026,111,98,660,2895,30
1997-05,0.06473829201101929,2033,123,85,663,2904,30
1997-06,0.042320819112627986,2051,133,94,652,2930,30
1997-07,0.06408094435075885,2075,135,120,635,2965,30
1997-08,0.04865044985004998,2101,134,109,657,3001,28
1997-09,0.053778080326752895,2056,140,114,628,2938,28
1997-10,0.04859939250759365,2074,129,93,667,2963,28
1997-11,0.057737495803961064,2085,134,93,667,2979,28
1997-12,0.015306122448979591,2195,128,105,708,3136,30
1998-01,0.060244744273611546,2231,117,81,758,3187,30
1998-02,0.043518806341311785,2252,128,102,735,3217,30
1998-03,0.013207547169811321,2226,124,103,727,3180,29
1998-04,0.0387378944079975,2241,120,102,738,3201,30
1998-05,0.02608695652173913,2254,128,98,740,3220,30
1998-06,0.03224786595004742,2214,116,107,726,3163,28
1998-07,0.03409090909090909,2217,122,77,752,3168,28
1998-08,0.08498583569405099,2224,116,115,722,3177,30
1998-09,0.07252888318356868,2181,112,102,721,3116,30
1998-10,0.04865556978233035,2187,112,89,736,3124,30
1998-11,0.03941513032422123,2202,113,105,726,3146,30
1998-12,0.03434022257551669,2201,121,100,723,3145,30
1999-01,0.04055766793409379,2209,117,103,727,3156,30
1999-02,0.06327111673521038,2213,129,110,709,3161,30
1999-03,0.050648176062707266,2322,119,106,770,3317,30
1999-04,0.04221954161640531,2321,122,118,755,3316,29
1999-05,0.010863005431502716,2320,123,100,771,3314,30
1999-06,0.0501682471703885,2288,125,93,763,3269,30
1999-07,0.013345465574764938,2308,127,103,759,3297,30
1999-08,0.024743512371756187,2320,128,93,773,3314,30
1999-09,0.0464975845410628,2318,98,82,814,3312,30
1999-10,0.04427161232425965,2340,120,94,789,3343,30
1999-11,0.047773518136243,2374,116,110,791,3391,30
1999-12,0.046953605366126326,2504,121,109,844,3578,30
2000-01,0.06040454419506788,2526,127,87,869,3609,30
2000-02,0.05155210643015521,2525,114,102,867,3608,30
2000-03,0.07448546226723293,2143,118,115,685,3061,28
2000-04,0.0025957170668397143,2157,120,83,722,3082,30
2000-05,0.02122186495176849,2177,111,98,724,3110,30
2000-06,0.05665906870726148,2150,139,112,670,3071,30
2000-07,0.06318504190844616,2171,127,85,719,3102,30
2000-08,0.05829596412556054,2185,150,76,711,3122,30
2000-09,0.06699507389162561,2131,126,107,681,3045,28
2000-10,0.07571801566579635,2145,122,102,695,3064,28
2000-11,0.07170542635658915,2167,122,82,725,3096,30
2000-12,0.07208717518860017,2505,143,113,818,3579,30
2001-01,0.04627822693058266,2511,143,113,820,3587,30
2001-02,0.041042706600110924,2524,130,98,854,3606,30
2001-03,0.06992198786477896,2423,128,99,811,3461,30
2001-04,0.02306140098010954,2428,139,104,798,3469,30
2001-05,0.010347801092267893,2435,129,89,826,3479,29
2001-06,0.02497096399535424,2411,139,95,799,3444,30
2001-07,0.03827196288779356,2414,129,97,809,3449,30
2001-08,0.029335634167385678,2434,136,102,805,3477,30
2001-09,0.05034053893988748,2364,131,100,782,3377,30
2001-10,0.03523194362889019,2384,142,122,758,3406,30
2001-11,0.06333527019174898,2409,112,96,825,3442,30
2001-12,0.0017162471395881006,2447,136,100,813,3496,30
2002-01,0.051165434906196704,2462,133,110,813,3518,30
2002-02,0.035107587768969425,2472,141,112,807,3532,30
2002-03,0.049635036496350364,2397,145,109,774,3425,30
2002-04,0.06199304750869061,2416,150,103,783,3452,30
2002-05,0.04992826398852224,2439,135,121,790,3485,30
2002-06,0.02827466820542412,2426,139,108,793,3466,29
2002-07,0.012006861063464836,2448,107,82,861,3498,30
2002-08,0.04368794326241135,2467,129,117,812,3525,30
2002-09,0.04470246734397678,2411,95,85,854,3445,30
2002-10,0.009283434870902234,2413,122,119,793,3447,30
2002-11,0.05272305909617613,2416,136,92,808,3452,30
2002-12,0.04885141029369003,2407,140,101,791,3439,30
2003-01,0.006964596633778294,2412,124,88,822,3446,29
2003-02,0.022589052997393572,2417,140,106,790,3453,30
2003-03,0.041666666666666664,2352,139,90,779,3360,30
2003-04,0.013083556348498365,2354,121,100,788,3363,30
2003-05,0.037267080745341616,2367,131,93,790,3381,30
2003-06,0.013029315960912053,2364,126,94,793,3377,30
2003-07,0.06226138032305433,2383,116,92,814,3405,28
2003-08,0.011651616661811826,2403,114,105,811,3433,30
2003-09,0.041986989946777055,2367,117,98,800,3382,28
2003-10,0.0696165191740413,2373,104,91,822,3390,29
2003-11,0.04327485380116959,2394,114,94,818,3420,28
2003-12,0.04727587200922456,2428,112,100,829,3469,28
2004-01,0.04805491990846682,2447,110,97,842,3496,30
2004-02,0.04629894255501572,2449,101,88,861,3499,28
2004-03,0.03798947983635301,2395,100,84,843,3422,30
2004-04,0.02149912841371296,2409,91,89,853,3442,30
2004-05,0.003451251078515962,2434,116,95,832,3477,30
2004-06,0.02371312897628687,2420,115,102,821,3458,28
2004-07,0.052873563218390804,2436,134,94,816,3480,30
2004-08,0.06835659356308744,2458,125,90,838,3511,28
2004-09,0.06050129645635264,2430,130,100,811,3471,30
2004-10,0.03843947217441193,2440,93,88,865,3486,29
2004-11,0.036010288653901115,2449,131,91,828,3499,30
2004-12,0.0045377197958026095,2468,129,98,831,3526,28
2005-01,0.06968838526912181,2471,135,104,820,3530,30
2005-02,0.0016992353440951572,2472,129,110,820,3531,29
2005-03,0.03663855772026752,2407,138,87,807,3439,30
2005-04,0.07207207207207207,2409,121,113,798,3441,30
2005-05,0.015647638365691104,2416,140,87,808,3451,30
2005-06,0.05884083553986467,2379,130,90,800,3399,30
2005-07,0.055915244261330196,2378,125,109,786,3398,29
2005-08,0.017033773861967694,2383,134,118,770,3405,30
2005-09,0.01021327726043857,2330,135,104,760,3329,30
2005-10,0.005413533834586466,2327,133,121,744,3325,30
2005-11,0.046274038461538464,2329,137,118,744,3328,30
2005-12,0.035181872391174714,2348,141,99,766,3354,30
2006-01,0.034523809523809526,2352,133,91,784,3360,30
2006-02,0.007733491969066032,2353,133,106,770,3362,28
2006-03,0.02621951219512195,2296,124,85,775,3280,28
2006-04,0.027439024390243903,2296,120,109,755,3280,30
2006-05,0.012172854534388313,2300,131,101,754,3286,28
2006-06,0.006765067650676507,2276,122,111,743,3252,30
2006-07,0.05402087170042971,2280,129,94,755,3258,30
2006-08,0.017758726270667484,2286,116,88,776,3266,30
2006-09,0.018176120338451895,2234,129,101,727,3191,30
2006-10,0.05764411027568922,2234,132,100,726,3192,30
2006-11,0.013741411617738912,2241,105,96,760,3202,30
2006-12,0.05126602063144733,2239,135,89,736,3199,30
2007-01,0.01811933770696657,2241,140,86,734,3201,30
2007-02,0.049890863735578425,2245,111,102,749,3207,28
2007-03,0.05867182462927144,2171,122,100,709,3102,30
2007-04,0.0051596259271202835,2171,125,98,707,3101,30
2007-05,0.01614465611882467,2168,132,95,702,3097,28
2007-06,0.0013175230566534915,2125,147,93,671,3036,28
2007-07,0.0019743336623889436,2127,146,111,655,3039,28
2007-08,0.004600722970752547,2130,160,97,656,3043,28
2007-09,0.049366244162775186,2098,145,112,643,2998,28
2007-10,0.05998000666444518,2101,146,110,644,3001,30
2007-11,0.019973368841544607,2103,153,93,655,3004,30
2007-12,0.04931689436854382,2101,142,116,642,3001,28
2008-01,0.059721300597213006,2110,124,115,665,3014,28
2008-02,0.031094938802514058,2116,145,103,659,3023,28
2008-03,0.0673854447439353,2077,160,124,607,2968,28
2008-04,0.06653225806451613,2083,137,119,637,2976,30
2008-05,0.014089231801408923,2087,137,111,646,2981,28
2008-06,0.01349983125210935,2074,124,102,663,2963,30
2008-07,0.02078444518940664,2088,145,106,644,2983,30
2008-08,0.01334668001334668,2098,130,113,656,2997,30
2008-09,0.023801428085685142,2059,157,110,615,2941,30
2008-10,0.033967391304347824,2061,155,119,609,2944,30
2008-11,0.07234617985125084,2070,145,122,621,2958,30
2008-12,0.005997001499250375,1867,139,89,573,2668,28
2009-01,0.06398809523809523,1881,113,111,583,2688,28
2009-02,0.06020066889632107,1884,123,89,595,2691,28
2009-03,0.05383304940374787,2054,126,117,638,2935,30
2009-04,0.06132879045996593,2054,126,117,638,2935,30
2009-05,0.06390210740992522,2059,131,114,638,2942,30
2009-06,0.0568882796435915,2042,112,104,660,2918,30
2009-07,0.004758667573079538,2059,124,104,655,2942,30
2009-08,0.026395939086294416,2068,130,109,648,2955,30
2009-09,0.002054794520547945,2044,124,121,631,2920,30
2009-10,0.019835841313269494,2047,137,115,625,2924,30
2009-11,0.030034129692832763,2051,133,110,636,2930,30
2009-12,0.04468864468864469,1911,131,92,596,2730,29
2010-01,0.04227405247813411,1921,144,102,577,2744,30
2010-02,0.004363636363636364,1925,127,93,605,2750,30
2010-03,0.020316027088036117,1860,118,103,577,2658,30
2010-04,0.04282494365138993,1863,133,99,567,2662,30
2010-05,0.005239520958083832,1870,123,97,582,2672,30
2010-06,0.012121212121212121,1848,100,84,608,2640,30
2010-07,0.03015454202789295,1857,127,89,580,2653,30
2010-08,0.009012392039053699,1864,121,83,595,2663,30
2010-09,0.016832440703902066,1830,117,98,569,2614,30
2010-10,0.0030616150019135095,1829,99,94,591,2613,30
2010-11,0.0030464584920030465,1838,143,83,562,2626,30
2010-12,0.0014986886474334957,1868,134,97,570,2669,30
2011-01,0.009701492537313432,1876,126,88,590,2680,28
2011-02,0.00595459620394492,1881,133,88,585,2687,28
2011-03,0.057644991212653776,1991,137,114,603,2845,30
2011-04,0.002803083391730904,1998,148,104,604,2854,30
2011-05,0.025874125874125874,2002,126,99,633,2860,30
2011-06,0.019760056457304165,1984,145,110,595,2834,30
2011-07,0.004209049456331112,1996,136,108,611,2851,28
2011-08,0.07260034904013962,2005,138,100,622,2865,30
2011-09,0.011307420494699646,1981,134,109,606,2830,30
2011-10,0.07415254237288135,1982,132,100,618,2832,30
2011-11,0.00140597539543058,1991,122,107,625,2845,30
2011-12,0.0007785130400934215,1798,133,92,546,2569,28
2012-01,0.023228803716608595,1808,124,115,536,2583,28
2012-02,0.025551684088269456,1808,128,100,547,2583,28
2012-03,0.0014398848092152627,1944,130,109,595,2778,28
2012-04,0.04527488321954725,1948,148,95,592,2783,30
2012-05,0.010768126346015794,1950,156,87,593,2786,28
2012-06,0.04855072463768116,1932,159,94,575,2760,30
2012-07,0.004335260115606936,1937,143,103,585,2768,30
2012-08,0.005050505050505051,1940,140,97,595,2772,30
2012-09,0.02615328732292045,1927,156,88,582,2753,30
2012-10,0.018188432157148052,1924,153,91,581,2749,30
2012-11,0.06109090909090909,1925,156,117,552,2750,30
2012-12,0.002909090909090909,1925,143,115,567,2750,30
2013-01,0.061068702290076333,1926,138,114,573,2751,28
2013-02,0.00944767441860465,1926,153,104,569,2752,30
2013-03,0.007462686567164179,1876,136,96,572,2680,30
2013-04,0.006726457399103139,1873,136,88,579,2676,30
2013-05,0.005229734777736272,1874,123,94,586,2677,30
2013-06,0.009796533534287867,1858,127,91,578,2654,30
2013-07,0.0030131826741996233,1858,133,112,552,2655,30
2013-08,0.014296463506395787,1860,153,104,541,2658,30
2013-09,0.012269938650306749,1825,129,80,574,2608,30
2013-10,0.0045854031333588076,1832,134,79,572,2617,30
2013-11,0.053313023610053314,1838,130,97,561,2626,30
2013-12,0.0022598870056497176,1858,144,103,550,2655,30
2014-01,0.03906836964688205,1863,147,87,565,2662,28
2014-02,0.03977485928705441,1865,136,92,572,2665,30
2014-03,0.05725190839694656,1834,133,88,565,2620,28
2014-04,0.005313092979127135,1844,123,102,566,2635,28
2014-05,0.01740446462353386,1850,138,83,572,2643,28
2014-06,0.025924513915364086,1836,142,111,534,2623,30
2014-07,0.021284682630178638,1842,132,106,551,2631,30
2014-08,0.008333333333333333,1848,138,76,578,2640,30
2014-09,0.05608912792931233,1822,139,75,567,2603,30
2014-10,0.06535947712418301,1821,131,91,558,2601,30
2014-11,0.02304147465437788,1823,144,87,550,2604,28
2014-12,0.031261913839115515,1836,149,84,554,2623,30
2015-01,0.012121212121212121,1848,152,85,555,2640,30
2015-02,0.018168054504163512,1849,133,80,580,2642,28
2015-03,0.009202453987730062,1825,144,110,529,2608,30
2015-04,0.005357826253348641,1829,130,108,546,2613,30
2015-05,0.006875477463712758,1832,125,85,576,2618,30
2015-06,0.003869969040247678,1809,130,107,538,2584,30
2015-07,0.010058027079303675,1809,124,81,571,2585,30
2015-08,0.0023094688221709007,1818,138,97,545,2598,30
2015-09,0.019700551615445233,1776,127,99,536,2538,30
2015-10,0.005516154452324665,1776,141,82,539,2538,30
2015-11,0.02832415420928403,1779,136,95,532,2542,30
2015-12,0.008688783570300158,1772,138,84,538,2532,30
2016-01,0.015791551519936834,1773,137,83,540,2533,30
2016-02,0.008675078864353312,1775,131,83,547,2536,30
2016-03,0.010425020048115477,1746,128,97,523,2494,30
2016-04,0.030315117670522536,1755,117,86,549,2507,30
2016-05,0.00875796178343949,1758,125,95,534,2512,30
2016-06,0.008054772452678213,1738,103,93,549,2483,30
2016-07,0.005633802816901409,1739,99,89,558,2485,30
2016-08,0.012028869286287089,1746,117,93,538,2494,30
2016-09,0.004889975550122249,1718,137,95,504,2454,30
2016-10,0.009768009768009768,1720,133,90,514,2457,30
2016-11,0.01942533387292594,1730,110,93,538,2471,30
2016-12,0.0032414910858995136,1727,119,91,531,2468,30
2017-01,0.005668016194331984,1729,128,95,518,2470,30
2017-02,0.0040436716538617065,1731,129,99,514,2473,30
2017-03,0.03566984653670676,1688,105,91,527,2411,30
2017-04,0.013250517598343685,1690,136,89,500,2415,30
2017-05,0.005770816158285243,1698,118,88,522,2426,30
2017-06,0.0033472803347280333,1673,124,94,499,2390,30
2017-07,0.005828476269775187,1681,124,76,521,2402,30
2017-08,0.004149377593360996,1687,131,96,496,2410,30
2017-09,0.00839278220730172,1668,119,93,503,2383,30
2017-10,0.015012510425354461,1678,122,84,514,2398,30
2017-11,0.01824212271973466,1688,126,94,504,2412,30
2017-12,0.015618577887381833,1703,119,90,521,2433,30
2018-01,0.015592942141977841,1706,108,96,527,2437,30
2018-02,0.004895960832313341,1716,126,84,525,2451,30
2018-03,0.018402342116269343,1674,122,94,501,2391,30
2018-04,0.05889672335130651,1688,133,91,499,2411,30
2018-05,0.02881844380403458,1700,129,84,516,2429,30
2018-06,0.005823627287853577,1683,131,90,500,2404,29
2018-07,0.002484472049689441,1690,126,90,509,2415,30
2018-08,0.03533278553820871,1704,126,95,509,2434,30
2018-09,0.005010438413361169,1676,126,94,499,2395,30
2018-10,0.0024968789013732834,1682,127,87,507,2403,30
2018-11,0.0024834437086092716,1691,126,83,516,2416,30
2018-12,0.02055921052631579,1702,140,88,502,2432,30
2019-01,0.010655737704918032,1708,135,93,504,2440,30
2019-02,0.006543967280163599,1711,130,75,529,2445,30
2019-03,0.006779661016949152,1652,134,74,500,2360,30
2019-04,0.005934718100890208,1651,124,91,493,2359,30
2019-05,0.002540220152413209,1653,131,92,486,2362,30
2019-06,0.006785411365564037,1650,126,82,500,2358,30
2019-07,0.005914659907055344,1657,127,89,494,2367,30
2019-08,0.005843071786310518,1677,121,94,504,2396,30
2019-09,0.04739737621667372,1654,128,94,487,2363,30
2019-10,0.0016899028305872412,1657,132,96,482,2367,30
2019-11,0.006736842105263158,1662,123,101,489,2375,30
2019-12,0.0075282308657465494,1674,123,90,504,2391,30
2020-01,0.005008347245409015,1677,135,86,498,2396,30
2020-02,0.020876826722338204,1676,127,83,509,2395,30
2020-03,0.06540447504302926,1627,142,89,466,2324,30
2020-04,0.04398447606727038,1623,128,97,471,2319,30
2020-05,0.019836136265631736,1623,128,89,479,2319,30
2020-06,0.014763352149370386,1612,125,87,479,2303,30
2020-07,0.004349717268377556,1609,118,83,489,2299,30
2020-08,0.02435841670291431,1609,120,82,488,2299,30
2020-09,0.01584507042253521,1590,106,86,490,2272,30
2020-10,0.0026431718061674008,1589,121,75,485,2270,30
2020-11,0.006167400881057269,1589,119,81,481,2270,30
2020-12,0.006151142355008787,1593,117,82,484,2276,28
2021-01,0.021108179419525065,1592,101,75,506,2274,30
2021-02,0.05191377034755829,1591,89,70,523,2273,28
2021-03,0.009066183136899365,1544,89,80,493,2206,28
2021-04,0.05895691609977324,1543,88,82,492,2205,28
2021-05,0.018148820326678767,1543,99,74,488,2204,28
2021-06,0.017503454629203132,1520,91,65,495,2171,28
2021-07,0.020313942751615882,1516,95,68,487,2166,28
2021-08,0.06457564575645756,1517,99,70,482,2168,28
2021-09,0.0625,1501,101,70,472,2144,28
2021-10,0.01585820895522388,1501,108,76,459,2144,28
2021-11,0.07186187587494167,1500,101,78,464,2143,28
2021-12,0.060324825986078884,1508,102,72,473,2155,30
2022-01,0.06589327146171693,1508,96,77,474,2155,28
2022-02,0.052900232018561484,1508,101,73,473,2155,28
2022-03,0.0047984644913627635,1459,92,76,457,2084,28
2022-04,0.0038424591738712775,1457,101,64,460,2082,29
2022-05,0.0038443056222969728,1457,108,74,442,2081,29
2022-06,0.016488845780795344,1443,87,70,462,2062,28
2022-07,0.011512297226582941,1338,152,127,294,1911,23
2022-08,0.011924119241192412,1291,143,138,273,1845,25
