month,invested,outlier,first,second,rest,total,number of clusters
1990-01,0.08090117767537122,1367,204,118,264,1953,48
1990-02,0.05209397344228805,1370,176,122,290,1958,37
1990-03,0.08745445080687142,1345,186,113,277,1921,48
1990-04,0.08822003113648158,1349,149,111,318,1927,48
1990-05,0.06355715017939519,1366,178,163,244,1951,37
1990-06,0.08329101066531235,1378,189,108,294,1969,37
1990-07,0.09591115598182735,1387,196,100,298,1981,48
1990-08,0.06968641114982578,1406,136,106,361,2009,37
1990-09,0.017955112219451373,1403,129,119,354,2005,37
1990-10,0.0009896091044037606,1415,156,115,335,2021,48
1990-11,0.10211094747177221,1426,165,136,310,2037,48
1990-12,0.06114769520225776,1488,74,63,501,2126,49
1991-01,0.06979990693345742,1504,84,72,489,2149,49
1991-02,0.06925207756232687,1516,87,76,487,2166,49
1991-03,0.07575757575757576,1478,94,73,467,2112,48
1991-04,0.06825619448340346,1497,70,56,516,2139,48
1991-05,0.029643353404353867,1511,83,74,491,2159,47
1991-06,0.07237746220797069,1528,84,73,498,2183,47
1991-07,0.017148014440433214,1551,83,66,516,2216,49
1991-08,0.05357142857142857,1568,102,72,498,2240,47
1991-09,0.07661108607480847,1553,115,88,463,2219,47
1991-10,0.04304932735426009,1561,89,79,501,2230,47
1991-11,0.05463502015226153,1563,100,71,499,2233,48
1991-12,0.006100217864923747,1606,97,74,518,2295,47
1992-01,0.06818181818181818,1601,84,66,537,2288,47
1992-02,0.04903677758318739,1599,82,81,522,2284,50
1992-03,0.0062724014336917565,1562,78,67,525,2232,50
1992-04,0.06616003576218149,1566,85,63,523,2237,50
1992-05,0.0784313725490196,1571,107,63,503,2244,50
1992-06,0.021968365553602813,1593,75,66,542,2276,50
1992-07,0.06797385620915032,1606,91,67,531,2295,50
1992-08,0.03817787418655098,1613,91,68,533,2305,49
1992-09,0.06845107503290918,1595,83,73,528,2279,50
1992-10,0.0647985989492119,1599,84,67,534,2284,50
1992-11,0.05492589363557106,1606,95,72,521,2294,50
1992-12,0.0008514261387824606,1644,84,83,538,2349,50
1993-01,0.06999573196756295,1640,73,70,560,2343,50
1993-02,0.06785411365564037,1650,75,73,560,2358,50
1993-03,0.07849978194505015,1605,94,63,531,2293,50
1993-04,0.0745880312228968,1614,87,60,545,2306,50
1993-05,0.058772687986171135,1620,87,60,547,2314,50
1993-06,0.050927924039706515,1622,86,74,535,2317,50
1993-07,0.011996572407883462,1634,76,71,553,2334,49
1993-08,0.07182556648140231,1637,81,73,548,2339,50
1993-09,0.07558644656820157,1611,89,69,533,2302,49
1993-10,0.05637467476149176,1614,107,77,508,2306,49
1993-11,0.06652267818574514,1620,89,67,539,2315,50
1993-12,0.013473684210526317,1662,76,68,569,2375,50
1994-01,0.059414225941422594,1673,73,71,573,2390,50
1994-02,0.069485140226036,1672,97,69,551,2389,50
1994-03,0.07550407550407551,1632,111,63,525,2331,50
1994-04,0.06081370449678801,1634,63,62,576,2335,50
1994-05,0.05010615711252654,1648,95,62,550,2355,50
1994-06,0.05202558635394456,1641,95,66,543,2345,50
1994-07,0.07949260042283299,1655,83,75,552,2365,50
1994-08,0.05709487825356843,1667,98,80,537,2382,50
1994-09,0.04682843763303533,1644,77,74,554,2349,50
1994-10,0.03844510892780863,1639,79,78,545,2341,50
1994-11,0.05562687205819426,1636,92,81,528,2337,50
1994-12,0.05387205387205387,1663,97,83,533,2376,49
1995-01,0.08228379513014274,1667,106,93,516,2382,49
1995-02,0.07815126050420168,1666,90,72,552,2380,49
1995-03,0.0842194810718843,1646,95,85,525,2351,49
1995-04,0.06443408223823655,1651,93,89,526,2359,50
1995-05,0.06812447434819176,1664,110,89,515,2378,50
1995-06,0.04005112910097997,1643,92,87,525,2347,48
1995-07,0.04300168634064081,1660,92,85,535,2372,49
1995-08,0.08183716075156576,1676,97,80,542,2395,49
1995-09,0.0688497061293031,1667,101,95,519,2382,47
1995-10,0.07856247388215629,1675,97,79,542,2393,47
1995-11,0.07781456953642384,1691,96,76,553,2416,49
1995-12,0.0718562874251497,1870,75,73,654,2672,49
1996-01,0.06626954579300075,1880,106,92,608,2686,49
1996-02,0.056129985228951254,1895,90,75,648,2708,49
1996-03,0.0681635926222935,1746,83,77,588,2494,50
1996-04,0.02128498226251478,1776,111,93,557,2537,50
1996-05,0.05859375,1792,95,71,602,2560,47
1996-06,0.059006211180124224,1803,98,76,599,2576,50
1996-07,0.0788280432507848,2007,97,89,674,2867,50
1996-08,0.02694300518134715,2026,111,83,675,2895,50
1996-09,0.0698005698005698,1965,122,81,640,2808,50
1996-10,0.07627118644067797,1982,130,80,640,2832,50
1996-11,0.05592450192240475,2003,109,82,667,2861,50
1996-12,0.06298157453936348,2089,110,96,690,2985,50
1997-01,0.044801069876295556,2094,97,96,704,2991,49
1997-02,0.0641925777331996,2094,100,95,702,2991,50
1997-03,0.07586933614330875,1993,114,109,631,2847,50
1997-04,0.03730569948186528,2026,120,104,645,2895,50
1997-05,0.07713498622589532,2033,103,95,673,2904,49
1997-06,0.0689419795221843,2051,109,100,670,2930,49
1997-07,0.06003372681281619,2075,118,101,671,2965,47
1997-08,0.07130956347884039,2101,94,92,714,3001,49
1997-09,0.0878148400272294,2056,106,103,673,2938,49
1997-10,0.06479919001012488,2074,118,108,663,2963,48
1997-11,0.054380664652567974,2085,116,108,670,2979,49
1997-12,0.02806122448979592,2195,91,89,761,3136,49
1998-01,0.05396925007844368,2231,86,84,786,3187,49
1998-02,0.04911408144233758,2252,94,73,798,3217,50
1998-03,0.02389937106918239,2226,87,81,786,3180,49
1998-04,0.031240237425804437,2241,97,95,768,3201,49
1998-05,0.044099378881987575,2254,87,84,795,3220,49
1998-06,0.04552639898830224,2214,110,98,741,3163,49
1998-07,0.05618686868686869,2217,84,83,784,3168,49
1998-08,0.08939250865596475,2224,110,73,770,3177,49
1998-09,0.08600770218228498,2181,97,89,749,3116,50
1998-10,0.06722151088348272,2187,86,80,771,3124,50
1998-11,0.04322949777495232,2202,77,71,796,3146,50
1998-12,0.059777424483306835,2201,84,75,785,3145,49
1999-01,0.042458808618504436,2209,74,66,807,3156,50
1999-02,0.04492249288199937,2213,103,90,755,3161,50
1999-03,0.06632499246306904,2322,94,85,816,3317,49
1999-04,0.06513872135102533,2321,98,84,813,3316,50
1999-05,0.02896801448400724,2320,96,88,810,3314,49
1999-06,0.055674518201284794,2288,86,81,814,3269,49
1999-07,0.03397027600849257,2308,95,79,815,3297,50
1999-08,0.04707302353651177,2320,112,78,804,3314,49
1999-09,0.06763285024154589,2318,92,90,812,3312,49
1999-10,0.06880047861202512,2340,115,76,812,3343,49
1999-11,0.05308168681804777,2374,93,91,833,3391,49
1999-12,0.05086640581330352,2504,101,89,884,3578,49
2000-01,0.05541701302299806,2526,100,88,895,3609,49
2000-02,0.03824833702882483,2525,109,101,873,3608,49
2000-03,0.07121855602744201,2143,109,105,704,3061,49
2000-04,0.012978585334198572,2157,88,75,762,3082,49
2000-05,0.04630225080385852,2177,90,85,758,3110,50
2000-06,0.06186909801367633,2150,111,97,713,3071,50
2000-07,0.07543520309477757,2171,103,98,730,3102,50
2000-08,0.07751441383728379,2185,112,101,724,3122,50
2000-09,0.07881773399014778,2131,132,93,689,3045,50
2000-10,0.07963446475195822,2145,128,96,695,3064,50
2000-11,0.07041343669250646,2167,92,81,756,3096,50
2000-12,0.06929309863090248,2505,92,91,891,3579,49
2001-01,0.06133258990800112,2511,110,94,872,3587,50
2001-02,0.05712701053799223,2524,104,88,890,3606,50
2001-03,0.08032360589425022,2423,114,93,831,3461,50
2001-04,0.053041222254251945,2428,98,88,855,3469,50
2001-05,0.025294624892210404,2435,113,98,833,3479,47
2001-06,0.059233449477351915,2411,118,99,816,3444,50
2001-07,0.06262684836184401,2414,99,86,850,3449,50
2001-08,0.017831463905665805,2434,122,108,813,3477,50
2001-09,0.0515250222090613,2364,114,109,790,3377,50
2001-10,0.06165590135055784,2384,101,84,837,3406,49
2001-11,0.08251016850668216,2409,85,81,867,3442,49
2001-12,0.003432494279176201,2447,86,80,883,3496,49
2002-01,0.06196702671972712,2462,106,83,867,3518,49
2002-02,0.050396375990939976,2472,94,76,890,3532,49
2002-03,0.057226277372262775,2397,125,82,821,3425,50
2002-04,0.06952491309385864,2416,111,102,823,3452,50
2002-05,0.06370157819225251,2439,112,76,858,3485,49
2002-06,0.052510098095787654,2426,92,74,874,3466,50
2002-07,0.036020583190394515,2448,83,81,886,3498,49
2002-08,0.05787234042553192,2467,103,76,879,3525,49
2002-09,0.06037735849056604,2411,79,78,877,3445,49
2002-10,0.011604293588627792,2413,113,80,841,3447,49
2002-11,0.08458864426419467,2416,87,83,866,3452,49
2002-12,0.0674614713579529,2407,85,82,865,3439,49
2003-01,0.006964596633778294,2412,78,75,881,3446,49
2003-02,0.04401969302056183,2417,90,88,858,3453,49
2003-03,0.06547619047619048,2352,85,76,847,3360,49
2003-04,0.03270889087124591,2354,84,77,848,3363,50
2003-05,0.0437740313516711,2367,116,94,804,3381,50
2003-06,0.02901984009475866,2364,88,74,851,3377,50
2003-07,0.07107195301027901,2383,106,104,812,3405,50
2003-08,0.028546460821438975,2403,103,92,835,3433,50
2003-09,0.04257835600236547,2367,113,109,793,3382,50
2003-10,0.06666666666666667,2373,107,93,817,3390,50
2003-11,0.05672514619883041,2394,110,109,807,3420,50
2003-12,0.04900547708273278,2428,113,101,827,3469,50
2004-01,0.05205949656750572,2447,105,94,850,3496,50
2004-02,0.04115461560445842,2449,103,97,850,3499,50
2004-03,0.054354178842782,2395,98,92,837,3422,50
2004-04,0.044160371876815804,2409,81,72,880,3442,50
2004-05,0.018406672418751796,2434,93,78,872,3477,50
2004-06,0.04395604395604396,2420,91,90,857,3458,50
2004-07,0.05862068965517241,2436,82,76,886,3480,50
2004-08,0.07063514668185703,2458,97,79,877,3511,50
2004-09,0.06050129645635264,2430,91,81,869,3471,50
2004-10,0.04647160068846816,2440,113,81,852,3486,50
2004-11,0.041726207487853675,2449,89,86,875,3499,50
2004-12,0.01191151446398185,2468,100,85,873,3526,50
2005-01,0.06288951841359773,2471,106,88,865,3530,50
2005-02,0.009629000283205891,2472,97,94,868,3531,49
2005-03,0.05466705437627217,2407,95,77,860,3439,50
2005-04,0.07614065678581808,2409,101,91,840,3441,50
2005-05,0.027238481599536367,2416,92,89,854,3451,49
2005-06,0.050603118564283615,2379,103,96,821,3399,49
2005-07,0.05885815185403178,2378,94,91,835,3398,48
2005-08,0.035829662261380325,2383,96,93,833,3405,50
2005-09,0.030039050765995796,2330,90,82,827,3329,49
2005-10,0.016842105263157894,2327,86,84,828,3325,49
2005-11,0.049879807692307696,2329,99,78,822,3328,50
2005-12,0.04830053667262969,2348,100,86,820,3354,49
2006-01,0.05773809523809524,2352,93,92,823,3360,50
2006-02,0.03271861986912552,2353,104,102,803,3362,49
2006-03,0.04207317073170732,2296,89,81,814,3280,50
2006-04,0.045121951219512194,2296,100,89,795,3280,50
2006-05,0.03408399269628728,2300,86,81,819,3286,50
2006-06,0.004920049200492005,2276,97,93,786,3252,50
2006-07,0.032535297728667895,2280,103,77,798,3258,50
2006-08,0.04102878138395591,2286,83,80,817,3266,49
2006-09,0.0350987151363209,2234,93,85,779,3191,49
2006-10,0.06077694235588972,2234,112,91,755,3192,50
2006-11,0.03560274828232355,2241,96,94,771,3202,49
2006-12,0.06001875586120663,2239,96,86,778,3199,49
2007-01,0.0387378944079975,2241,91,89,780,3201,49
2007-02,0.06423448705955721,2245,95,88,779,3207,49
2007-03,0.07736943907156674,2171,84,82,765,3102,49
2007-04,0.009674298613350531,2171,81,79,770,3101,49
2007-05,0.03745560219567323,2168,95,84,750,3097,49
2007-06,0.010540184453227932,2125,114,109,688,3036,49
2007-07,0.005923000987166831,2127,109,100,703,3039,49
2007-08,0.01511666118961551,2130,115,92,706,3043,49
2007-09,0.06937958639092728,2098,101,92,707,2998,49
2007-10,0.06331222925691436,2101,118,106,676,3001,49
2007-11,0.043275632490013316,2103,97,95,709,3004,49
2007-12,0.0433188937020993,2101,114,109,677,3001,49
2008-01,0.0856005308560053,2110,110,101,693,3014,49
2008-02,0.05425074429374793,2116,115,97,695,3023,49
2008-03,0.08288409703504043,2077,104,99,688,2968,49
2008-04,0.05577956989247312,2083,109,108,676,2976,49
2008-05,0.04226769540422677,2087,112,109,673,2981,49
2008-06,0.029699628754640568,2074,122,118,649,2963,49
2008-07,0.04492122024807241,2088,119,102,674,2983,49
2008-08,0.03203203203203203,2098,109,88,702,2997,49
2008-09,0.0537232233934036,2059,118,86,678,2941,49
2008-10,0.057744565217391304,2061,98,95,690,2944,49
2008-11,0.08045977011494253,2070,133,108,647,2958,49
2008-12,0.017241379310344827,1867,129,89,583,2668,49
2009-01,0.08035714285714286,1881,87,86,634,2688,49
2009-02,0.07060572277963582,1884,110,90,607,2691,49
2009-03,0.07018739352640545,2054,106,90,685,2935,49
2009-04,0.0858603066439523,2054,105,97,679,2935,49
2009-05,0.06390210740992522,2059,126,99,658,2942,48
2009-06,0.07470870459218643,2042,97,89,690,2918,49
2009-07,0.017675050985723997,2059,120,107,656,2942,49
2009-08,0.04263959390862944,2068,96,85,706,2955,49
2009-09,0.005479452054794521,2044,84,80,712,2920,50
2009-10,0.010259917920656635,2047,103,91,683,2924,48
2009-11,0.04641638225255973,2051,118,89,672,2930,49
2009-12,0.007326007326007326,1911,115,95,609,2730,50
2010-01,0.05393586005830904,1921,124,95,604,2744,49
2010-02,0.017454545454545455,1925,124,89,612,2750,49
2010-03,0.03837471783295711,1860,123,89,586,2658,50
2010-04,0.037565740045078885,1863,126,89,584,2662,49
2010-05,0.011976047904191617,1870,86,83,633,2672,49
2010-06,0.03106060606060606,1848,126,83,583,2640,50
2010-07,0.0603090840557859,1857,112,105,579,2653,49
2010-08,0.02478407810739767,1864,117,86,596,2663,50
2010-09,0.045906656465187455,1830,105,82,597,2614,49
2010-10,0.022962112514351322,1829,104,94,586,2613,50
2010-11,0.00913937547600914,1838,120,83,585,2626,50
2010-12,0.003746721618583739,1868,117,83,601,2669,49
2011-01,0.034328358208955224,1876,134,86,584,2680,50
2011-02,0.01637513956084853,1881,107,99,600,2687,49
2011-03,0.056239015817223195,1991,113,92,649,2845,49
2011-04,0.012613875262789068,1998,123,94,639,2854,50
2011-05,0.04965034965034965,2002,94,92,672,2860,49
2011-06,0.03881439661256175,1984,110,99,641,2834,49
2011-07,0.01683619782532445,1996,128,109,618,2851,49
2011-08,0.08167539267015707,2005,107,87,666,2865,49
2011-09,0.039575971731448764,1981,102,96,651,2830,49
2011-10,0.024717514124293787,1982,120,103,627,2832,49
2011-11,0.00421792618629174,1991,98,95,661,2845,49
2011-12,0.0007785130400934215,1798,126,93,552,2569,49
2012-01,0.05574912891986063,1808,124,94,557,2583,49
2012-02,0.05962059620596206,1808,107,73,595,2583,49
2012-03,0.0014398848092152627,1944,106,105,623,2778,49
2012-04,0.07402084081925979,1948,98,97,640,2783,49
2012-05,0.029432878679109833,1950,113,86,637,2786,49
2012-06,0.07971014492753623,1932,100,98,630,2760,49
2012-07,0.007947976878612716,1937,118,112,601,2768,48
2012-08,0.017316017316017316,1940,118,94,620,2772,49
2012-09,0.0573919360697421,1927,95,92,639,2753,49
2012-10,0.02400873044743543,1924,97,95,633,2749,48
2012-11,0.088,1925,122,113,590,2750,49
2012-12,0.011636363636363636,1925,112,97,616,2750,48
2013-01,0.08578698655034533,1926,110,78,637,2751,49
2013-02,0.02688953488372093,1926,112,90,624,2752,48
2013-03,0.025373134328358207,1876,102,93,609,2680,48
2013-04,0.02092675635276532,1873,103,92,608,2676,48
2013-05,0.008965259618976467,1874,100,99,604,2677,48
2013-06,0.03014318010550113,1858,113,93,590,2654,49
2013-07,0.004519774011299435,1858,112,93,592,2655,48
2013-08,0.020316027088036117,1860,102,99,597,2658,48
2013-09,0.03987730061349693,1825,114,103,566,2608,49
2013-10,0.009170806266717615,1832,106,104,575,2617,42
2013-11,0.08149276466108149,1838,97,88,603,2626,49
2013-12,0.0022598870056497176,1858,102,94,601,2655,49
2014-01,0.06686701728024042,1863,108,101,590,2662,49
2014-02,0.06378986866791744,1865,123,93,584,2665,49
2014-03,0.07557251908396946,1834,125,79,582,2620,49
2014-04,0.018216318785578747,1844,104,98,589,2635,49
2014-05,0.056753688989784334,1850,111,105,577,2643,49
2014-06,0.05184902783072817,1836,103,102,582,2623,49
2014-07,0.04637020144431775,1842,104,95,590,2631,48
2014-08,0.015909090909090907,1848,99,98,595,2640,49
2014-09,0.06607760276603919,1822,114,96,571,2603,49
2014-10,0.07689350249903883,1821,122,101,557,2601,49
2014-11,0.04685099846390169,1823,87,76,618,2604,49
2014-12,0.0571864277544796,1836,97,95,595,2623,47
2015-01,0.02727272727272727,1848,98,96,598,2640,49
2015-02,0.04466313398940197,1849,92,90,611,2642,49
2015-03,0.023773006134969327,1825,99,89,595,2608,48
2015-04,0.011481056257175661,1829,108,100,576,2613,49
2015-05,0.024446142093200916,1832,112,85,589,2618,49
2015-06,0.013157894736842105,1809,116,98,561,2584,48
2015-07,0.02243713733075435,1809,125,95,556,2585,48
2015-08,0.006928406466512702,1818,111,110,559,2598,48
2015-09,0.05358550039401103,1776,93,76,593,2538,47
2015-10,0.013396375098502758,1776,91,75,596,2538,48
2015-11,0.05586152635719906,1779,120,72,571,2542,48
2015-12,0.022116903633491312,1772,88,81,591,2532,49
2016-01,0.05211212001579155,1773,104,92,564,2533,47
2016-02,0.01971608832807571,1775,91,76,594,2536,49
2016-03,0.028869286287089013,1746,92,83,573,2494,48
2016-04,0.06302353410450738,1755,95,91,566,2507,49
2016-05,0.020700636942675158,1758,89,72,593,2512,49
2016-06,0.008860249697946033,1738,119,102,524,2483,49
2016-07,0.008048289738430584,1739,122,107,517,2485,49
2016-08,0.034482758620689655,1746,96,88,564,2494,49
2016-09,0.014669926650366748,1718,91,80,565,2454,47
2016-10,0.015466015466015465,1720,92,78,567,2457,49
2016-11,0.0453257790368272,1730,85,80,576,2471,47
2016-12,0.004051863857374392,1727,85,84,572,2468,42
2017-01,0.008097165991902834,1729,91,72,578,2470,42
2017-02,0.007278608976951072,1731,110,85,547,2473,42
2017-03,0.07216922438822065,1688,92,84,547,2411,48
2017-04,0.02567287784679089,1690,121,84,520,2415,42
2017-05,0.005770816158285243,1698,101,71,556,2426,47
2017-06,0.00502092050209205,1673,84,82,551,2390,42
2017-07,0.011656952539550375,1681,81,74,566,2402,48
2017-08,0.00995850622406639,1687,78,77,568,2410,47
2017-09,0.026017624842635333,1668,90,79,546,2383,47
2017-10,0.0408673894912427,1678,94,75,551,2398,47
2017-11,0.05140961857379768,1688,95,75,554,2412,49
2017-12,0.04027949034114262,1703,82,79,569,2433,47
2018-01,0.04021337710299549,1706,86,82,563,2437,48
2018-02,0.010607915136678907,1716,70,69,596,2451,47
2018-03,0.04851526557925554,1674,98,75,544,2391,47
2018-04,0.04728328494400664,1688,83,76,564,2411,47
2018-05,0.06093042404281598,1700,111,85,533,2429,48
2018-06,0.01913477537437604,1683,100,97,524,2404,47
2018-07,0.007453416149068323,1690,96,86,543,2415,47
2018-08,0.05341002465078061,1704,86,77,567,2434,47
2018-09,0.015866388308977037,1676,93,85,541,2395,47
2018-10,0.005826050769870994,1682,93,90,538,2403,47
2018-11,0.0173841059602649,1691,69,68,588,2416,47
2018-12,0.060032894736842105,1702,88,80,562,2432,42
2019-01,0.03278688524590164,1708,65,59,608,2440,47
2019-02,0.0196319018404908,1711,93,84,557,2445,49
2019-03,0.011016949152542373,1652,74,69,565,2360,50
2019-04,0.006782534972445952,1651,92,83,533,2359,47
2019-05,0.014394580863674851,1653,100,74,535,2362,47
2019-06,0.007633587786259542,1650,99,92,517,2358,47
2019-07,0.0076045627376425855,1657,75,74,561,2367,47
2019-08,0.010851419031719533,1677,89,72,558,2396,47
2019-09,0.01608125264494287,1654,79,75,555,2363,47
2019-10,0.0033798056611744824,1657,70,69,571,2367,47
2019-11,0.008421052631578947,1662,105,85,523,2375,47
2019-12,0.008364700961940611,1674,82,71,564,2391,47
2020-01,0.00667779632721202,1677,89,75,555,2396,47
2020-02,0.03674321503131524,1676,93,92,534,2395,42
2020-03,0.08347676419965576,1627,74,72,551,2324,42
2020-04,0.07158257869771453,1623,97,76,523,2319,47
2020-05,0.02242345838723588,1623,99,83,514,2319,47
2020-06,0.015631784628745114,1612,89,81,521,2303,42
2020-07,0.013049151805132666,1609,98,90,502,2299,47
2020-08,0.042627229230100046,1609,101,89,500,2299,42
2020-09,0.03609154929577465,1590,92,86,504,2272,47
2020-10,0.0052863436123348016,1589,103,81,497,2270,47
2020-11,0.014096916299559472,1589,82,79,520,2270,47
2020-12,0.014938488576449912,1593,81,79,523,2276,47
2021-01,0.028144239226033423,1592,96,72,514,2274,47
2021-02,0.07567091948966125,1591,93,90,499,2273,49
2021-03,0.027198549410698096,1544,81,74,507,2206,49
2021-04,0.027210884353741496,1543,78,73,511,2205,47
2021-05,0.028130671506352088,1543,81,69,511,2204,47
2021-06,0.037770612620912025,1520,78,74,499,2171,47
2021-07,0.046168051708217916,1516,81,80,489,2166,47
2021-08,0.07287822878228782,1517,87,70,494,2168,47
2021-09,0.07649253731343283,1501,92,83,468,2144,47
2021-10,0.03544776119402985,1501,102,84,457,2144,47
2021-11,0.07932804479701354,1500,87,86,470,2143,47
2021-12,0.06774941995359629,1508,82,75,490,2155,47
2022-01,0.07703016241299304,1508,87,74,486,2155,47
2022-02,0.07610208816705337,1508,78,70,499,2155,48
2022-03,0.012476007677543186,1459,71,69,485,2084,50
2022-04,0.010566762728146013,1457,67,66,492,2082,48
2022-05,0.004805382027871216,1457,65,60,499,2081,48
2022-06,0.03491755577109602,1443,72,58,489,2062,48
2022-07,0.0282574568288854,1338,152,92,329,1911,48
2022-08,0.034688346883468835,1291,111,86,357,1845,48
