month,invested,outlier,first,second,rest,total,number of clusters
1990-01,60,1220,272,137,324,1953,14
1990-02,18,1201,257,137,363,1958,12
1990-03,80,1193,244,202,282,1921,15
1990-04,76,1162,246,151,368,1927,13
1990-05,32,1213,237,138,363,1951,13
1990-06,52,1229,306,158,276,1969,13
1990-07,78,1169,325,150,337,1981,13
1990-08,62,1210,256,173,370,2009,13
1990-09,6,1225,209,200,371,2005,12
1990-10,0,1247,253,130,391,2021,16
1990-11,90,1294,285,130,328,2037,15
1990-12,48,1300,260,234,332,2126,15
1991-01,56,1312,280,235,322,2149,16
1991-02,56,1326,279,264,297,2166,13
1991-03,48,1264,207,184,457,2112,15
1991-04,84,1266,357,135,381,2139,14
1991-05,96,1284,303,182,390,2159,16
1991-06,62,1306,368,165,344,2183,14
1991-07,62,1353,341,188,334,2216,16
1991-08,22,1359,439,107,335,2240,14
1991-09,64,1314,362,312,231,2219,12
1991-10,18,1345,351,237,297,2230,13
1991-11,40,1339,443,119,332,2233,12
1991-12,0,1440,292,234,329,2295,13
1992-01,22,1447,340,153,348,2288,11
1992-02,42,1449,325,159,351,2284,13
1992-03,0,1414,363,150,305,2232,11
1992-04,76,1402,319,260,256,2237,11
1992-05,92,1412,296,239,297,2244,12
1992-06,24,1429,310,138,399,2276,12
1992-07,86,1472,379,148,296,2295,9
1992-08,92,1480,344,202,279,2305,10
1992-09,86,1403,316,294,266,2279,11
1992-10,70,1414,399,204,267,2284,13
1992-11,26,1434,338,309,213,2294,10
1992-12,0,1542,340,223,244,2349,10
1993-01,46,1546,275,228,294,2343,10
1993-02,62,1511,287,208,352,2358,11
1993-03,76,1443,283,180,387,2293,11
1993-04,96,1451,394,155,306,2306,12
1993-05,44,1461,278,275,300,2314,13
1993-06,58,1460,398,127,332,2317,12
1993-07,12,1481,362,162,329,2334,12
1993-08,56,1463,265,227,384,2339,12
1993-09,52,1453,429,127,293,2302,13
1993-10,52,1449,342,187,328,2306,15
1993-11,74,1442,339,305,229,2315,13
1993-12,8,1479,354,339,203,2375,14
1994-01,62,1469,387,253,281,2390,14
1994-02,78,1488,434,155,312,2389,16
1994-03,84,1478,432,152,269,2331,15
1994-04,86,1478,354,240,263,2335,13
1994-05,52,1481,399,250,225,2355,11
1994-06,64,1458,325,304,258,2345,11
1994-07,106,1451,307,237,370,2365,12
1994-08,58,1466,445,148,323,2382,11
1994-09,28,1509,419,180,241,2349,12
1994-10,24,1474,375,195,297,2341,12
1994-11,62,1490,417,122,308,2337,11
1994-12,40,1470,289,262,355,2376,13
1995-01,78,1475,286,282,339,2382,11
1995-02,74,1489,483,214,194,2380,16
1995-03,68,1496,352,320,183,2351,13
1995-04,54,1457,257,250,395,2359,13
1995-05,56,1464,299,241,374,2378,12
1995-06,20,1436,360,157,394,2347,12
1995-07,24,1482,418,162,310,2372,14
1995-08,54,1499,309,243,344,2395,13
1995-09,78,1509,427,159,287,2382,13
1995-10,114,1455,376,200,362,2393,11
1995-11,96,1489,298,227,402,2416,13
1995-12,78,1689,477,199,307,2672,12
1996-01,68,1688,392,177,429,2686,10
1996-02,52,1756,428,207,317,2708,13
1996-03,74,1586,374,231,303,2494,13
1996-04,18,1595,366,216,360,2537,13
1996-05,44,1660,402,197,301,2560,12
1996-06,82,1675,485,169,247,2576,13
1996-07,112,1855,446,187,379,2867,14
1996-08,22,1878,394,332,291,2895,13
1996-09,82,1837,522,132,317,2808,14
1996-10,94,1800,545,115,372,2832,14
1996-11,34,1869,311,300,381,2861,14
1996-12,96,1928,542,155,360,2985,12
1997-01,36,1944,425,355,267,2991,12
1997-02,84,1931,579,151,330,2991,13
1997-03,84,1853,506,192,296,2847,13
1997-04,42,1913,522,136,324,2895,11
1997-05,74,1912,483,222,287,2904,12
1997-06,74,1917,570,126,317,2930,14
1997-07,74,1918,574,127,346,2965,13
1997-08,76,1926,540,156,379,3001,13
1997-09,94,1875,512,177,374,2938,14
1997-10,80,1923,449,245,346,2963,12
1997-11,62,1979,447,267,286,2979,12
1997-12,38,2029,544,108,455,3136,10
1998-01,58,2090,535,151,411,3187,11
1998-02,56,2122,447,294,354,3217,12
1998-03,26,2119,497,167,397,3180,14
1998-04,24,2105,538,108,450,3201,12
1998-05,44,2219,386,306,309,3220,13
1998-06,60,2148,498,124,393,3163,12
1998-07,80,2092,475,158,443,3168,14
1998-08,158,2097,322,276,482,3177,14
1998-09,176,2026,413,169,508,3116,15
1998-10,118,2066,338,276,444,3124,14
1998-11,36,2063,454,235,394,3146,15
1998-12,70,2047,465,246,387,3145,16
1999-01,38,2046,482,210,418,3156,15
1999-02,48,2086,494,175,406,3161,12
1999-03,76,2204,383,326,404,3317,17
1999-04,88,2198,346,238,534,3316,15
1999-05,14,2238,485,183,408,3314,15
1999-06,86,2201,399,288,381,3269,11
1999-07,32,2202,525,196,374,3297,13
1999-08,44,2207,561,199,347,3314,12
1999-09,80,2195,498,276,343,3312,14
1999-10,70,2212,552,208,371,3343,14
1999-11,28,2251,497,263,380,3391,15
1999-12,26,2405,569,265,339,3578,13
2000-01,48,2393,490,250,476,3609,12
2000-02,28,2384,595,264,365,3608,12
2000-03,120,1984,570,224,283,3061,13
2000-04,130,1992,551,290,249,3082,14
2000-05,56,2040,631,164,275,3110,14
2000-06,90,1960,534,155,422,3071,13
2000-07,134,2012,500,254,336,3102,13
2000-08,74,2011,431,361,319,3122,14
2000-09,158,1949,541,174,381,3045,15
2000-10,152,1953,418,314,379,3064,14
2000-11,94,1968,556,246,326,3096,14
2000-12,102,2342,544,269,424,3579,13
2001-01,34,2368,462,260,497,3587,14
2001-02,60,2358,432,290,526,3606,12
2001-03,94,2281,449,264,467,3461,13
2001-04,32,2267,550,261,391,3469,13
2001-05,8,2375,523,264,317,3479,13
2001-06,70,2259,537,253,395,3444,13
2001-07,76,2282,510,283,374,3449,13
2001-08,24,2282,557,272,366,3477,14
2001-09,76,2251,530,259,337,3377,13
2001-10,34,2296,457,298,355,3406,14
2001-11,54,2274,455,258,455,3442,15
2001-12,0,2284,494,273,445,3496,14
2002-01,60,2378,548,323,269,3518,13
2002-02,50,2299,440,276,517,3532,14
2002-03,68,2276,481,264,404,3425,13
2002-04,70,2270,507,274,401,3452,14
2002-05,48,2300,410,275,500,3485,13
2002-06,74,2277,509,281,399,3466,14
2002-07,22,2280,434,285,499,3498,13
2002-08,38,2314,415,290,506,3525,13
2002-09,76,2229,438,281,497,3445,15
2002-10,22,2208,415,282,542,3447,14
2002-11,48,2232,454,280,486,3452,12
2002-12,64,2297,448,285,409,3439,12
2003-01,0,2340,390,282,434,3446,12
2003-02,36,2329,498,282,344,3453,11
2003-03,52,2288,412,263,397,3360,14
2003-04,20,2263,437,253,410,3363,12
2003-05,24,2317,473,264,327,3381,11
2003-06,16,2285,489,275,328,3377,15
2003-07,68,2312,528,261,304,3405,11
2003-08,16,2351,522,273,287,3433,11
2003-09,44,2229,368,282,503,3382,12
2003-10,62,2277,597,275,241,3390,12
2003-11,42,2280,495,283,362,3420,12
2003-12,48,2328,483,261,397,3469,10
2004-01,44,2349,486,289,372,3496,10
2004-02,44,2363,523,297,316,3499,11
2004-03,38,2280,524,279,339,3422,11
2004-04,36,2254,512,275,401,3442,13
2004-05,12,2319,533,277,348,3477,12
2004-06,40,2354,590,275,239,3458,11
2004-07,82,2360,547,287,286,3480,12
2004-08,80,2415,440,285,371,3511,12
2004-09,60,2300,557,291,323,3471,12
2004-10,42,2315,307,294,570,3486,13
2004-11,38,2333,519,289,358,3499,11
2004-12,2,2298,344,256,628,3526,12
2005-01,74,2375,582,268,305,3530,12
2005-02,2,2346,482,214,489,3531,11
2005-03,68,2273,497,264,405,3439,14
2005-04,118,2268,557,277,339,3441,11
2005-05,12,2255,404,275,517,3451,14
2005-06,48,2264,461,293,381,3399,12
2005-07,74,2269,570,255,304,3398,10
2005-08,28,2231,429,237,508,3405,10
2005-09,18,2177,392,291,469,3329,11
2005-10,6,2158,477,293,397,3325,12
2005-11,46,2167,444,294,423,3328,12
2005-12,32,2204,474,268,408,3354,13
2006-01,38,2191,436,273,460,3360,14
2006-02,20,2204,448,298,412,3362,15
2006-03,26,2141,405,282,452,3280,14
2006-04,34,2190,507,279,304,3280,13
2006-05,32,2195,463,276,352,3286,11
2006-06,0,2126,487,280,359,3252,14
2006-07,24,2207,524,275,252,3258,12
2006-08,24,2145,467,306,348,3266,13
2006-09,18,2097,488,261,345,3191,11
2006-10,62,2084,492,290,326,3192,13
2006-11,10,2137,417,260,388,3202,12
2006-12,56,2145,434,231,389,3199,10
2007-01,24,2124,503,259,315,3201,12
2007-02,74,2163,387,227,430,3207,13
2007-03,64,2047,437,279,339,3102,8
2007-04,10,2040,390,242,429,3101,14
2007-05,22,2082,368,245,402,3097,15
2007-06,8,2054,381,267,334,3036,12
2007-07,2,1992,364,252,431,3039,11
2007-08,10,2049,387,266,341,3043,13
2007-09,82,2018,390,265,325,2998,10
2007-10,104,1970,367,256,408,3001,14
2007-11,28,1988,384,252,380,3004,9
2007-12,24,2008,390,154,449,3001,11
2008-01,104,2030,315,211,458,3014,12
2008-02,50,2041,417,250,315,3023,10
2008-03,94,1989,396,268,315,2968,9
2008-04,68,1980,345,282,369,2976,10
2008-05,18,2039,448,205,289,2981,11
2008-06,22,2043,517,221,182,2963,9
2008-07,40,1968,438,221,356,2983,10
2008-08,16,1999,299,196,503,2997,10
2008-09,48,1965,422,212,342,2941,12
2008-10,58,1952,264,227,501,2944,13
2008-11,148,1966,352,234,406,2958,14
2008-12,4,1801,370,229,268,2668,11
2009-01,82,1810,441,246,191,2688,15
2009-02,80,1791,403,290,207,2691,15
2009-03,60,1987,416,245,287,2935,13
2009-04,62,1988,417,214,316,2935,13
2009-05,32,1955,515,113,359,2942,14
2009-06,56,1982,564,128,244,2918,12
2009-07,0,2022,320,281,319,2942,11
2009-08,10,2051,493,180,231,2955,10
2009-09,0,1975,354,215,376,2920,11
2009-10,14,1988,376,254,306,2924,10
2009-11,24,1989,462,174,305,2930,10
2009-12,2,1782,546,106,296,2730,12
2010-01,40,1820,564,143,217,2744,13
2010-02,6,1797,476,143,334,2750,14
2010-03,18,1783,517,106,252,2658,13
2010-04,6,1791,438,161,272,2662,13
2010-05,6,1811,404,209,248,2672,13
2010-06,22,1784,302,290,264,2640,14
2010-07,36,1829,424,178,222,2653,15
2010-08,14,1800,435,162,266,2663,15
2010-09,18,1724,439,151,300,2614,11
2010-10,0,1784,447,157,225,2613,13
2010-11,0,1729,384,262,251,2626,14
2010-12,0,1801,358,232,278,2669,13
2011-01,10,1815,298,260,307,2680,14
2011-02,2,1797,310,240,340,2687,15
2011-03,58,1952,434,294,165,2845,13
2011-04,6,1918,404,317,215,2854,13
2011-05,20,1936,448,273,203,2860,14
2011-06,30,1917,407,311,199,2834,12
2011-07,4,1929,390,296,236,2851,12
2011-08,96,1941,454,270,200,2865,12
2011-09,22,1863,371,243,353,2830,12
2011-10,92,1902,311,274,345,2832,13
2011-11,0,1934,405,251,255,2845,13
2011-12,22,1740,504,150,175,2569,11
2012-01,16,1753,516,127,187,2583,15
2012-02,30,1744,372,260,207,2583,14
2012-03,0,1884,498,140,256,2778,13
2012-04,52,1873,379,235,296,2783,14
2012-05,10,1911,408,294,173,2786,14
2012-06,40,1933,373,203,251,2760,12
2012-07,2,1895,343,307,223,2768,11
2012-08,2,1923,358,244,247,2772,14
2012-09,18,1876,380,232,265,2753,11
2012-10,2,1900,353,210,286,2749,12
2012-11,46,1913,392,248,197,2750,12
2012-12,2,1895,480,238,137,2750,12
2013-01,44,1910,521,125,195,2751,12
2013-02,8,1822,375,209,346,2752,12
2013-03,4,1871,429,209,171,2680,11
2013-04,0,1911,465,133,167,2676,10
2013-05,4,1884,513,117,163,2677,11
2013-06,18,1817,423,237,177,2654,13
2013-07,0,1825,292,217,321,2655,12
2013-08,0,1911,284,218,245,2658,10
2013-09,18,1738,354,221,295,2608,10
2013-10,0,1864,527,157,69,2617,11
2013-11,34,1813,338,217,258,2626,10
2013-12,2,1762,445,193,255,2655,11
2014-01,32,1828,389,207,238,2662,12
2014-02,34,1808,443,206,208,2665,11
2014-03,40,1797,449,208,166,2620,14
2014-04,2,1794,320,251,270,2635,13
2014-05,18,1796,439,204,204,2643,14
2014-06,12,1766,340,236,281,2623,11
2014-07,58,1805,502,158,166,2631,12
2014-08,4,1781,248,245,366,2640,13
2014-09,28,1789,368,255,191,2603,12
2014-10,46,1808,437,218,138,2601,14
2014-11,6,1777,343,223,261,2604,12
2014-12,14,1809,352,231,231,2623,11
2015-01,4,1815,449,175,201,2640,12
2015-02,10,1825,275,239,303,2642,10
2015-03,2,1811,387,199,211,2608,10
2015-04,0,1806,314,201,292,2613,11
2015-05,2,1821,310,213,274,2618,10
2015-06,2,1816,424,202,142,2584,10
2015-07,4,1792,347,190,256,2585,11
2015-08,0,1833,383,194,188,2598,11
2015-09,10,1739,320,225,254,2538,10
2015-10,12,1746,452,189,151,2538,10
2015-11,20,1704,453,198,187,2542,10
2015-12,2,1733,481,218,100,2532,13
2016-01,16,1719,434,216,164,2533,14
2016-02,4,1701,312,217,306,2536,12
2016-03,2,1673,371,204,246,2494,12
2016-04,24,1669,404,209,225,2507,11
2016-05,0,1694,452,210,156,2512,11
2016-06,0,1668,305,214,296,2483,12
2016-07,0,1719,435,212,119,2485,11
2016-08,2,1757,301,214,222,2494,11
2016-09,8,1652,344,213,245,2454,12
2016-10,0,1675,400,214,168,2457,11
2016-11,10,1688,407,215,161,2471,11
2016-12,0,1676,486,217,89,2468,15
2017-01,0,1722,468,217,63,2470,12
2017-02,0,1725,357,213,178,2473,12
2017-03,28,1636,344,217,214,2411,11
2017-04,4,1600,291,218,306,2415,14
2017-05,0,1660,394,221,151,2426,12
2017-06,0,1599,433,220,138,2390,14
2017-07,0,1640,333,219,210,2402,14
2017-08,12,1619,267,219,305,2410,13
2017-09,4,1584,238,222,339,2383,11
2017-10,8,1617,366,222,193,2398,12
2017-11,4,1614,261,216,321,2412,12
2017-12,22,1693,445,174,121,2433,10
2018-01,12,1649,303,221,264,2437,12
2018-02,0,1701,259,242,249,2451,11
2018-03,14,1613,313,226,239,2391,10
2018-04,12,1594,437,228,152,2411,11
2018-05,16,1625,308,229,267,2429,10
2018-06,2,1599,409,217,179,2404,10
2018-07,2,1603,321,217,274,2415,11
2018-08,12,1643,386,217,188,2434,9
2018-09,10,1615,310,206,264,2395,12
2018-10,0,1598,390,204,211,2403,14
2018-11,0,1666,323,207,220,2416,12
2018-12,16,1670,353,220,189,2432,11
2019-01,0,1675,314,226,225,2440,11
2019-02,2,1679,394,225,147,2445,10
2019-03,0,1650,328,221,161,2360,10
2019-04,0,1647,328,216,168,2359,13
2019-05,0,1683,394,200,85,2362,13
2019-06,0,1625,295,214,224,2358,9
2019-07,0,1635,317,220,195,2367,9
2019-08,0,1647,275,246,228,2396,11
2019-09,0,1632,532,87,112,2363,9
2019-10,0,1561,406,212,188,2367,11
2019-11,0,1579,437,218,141,2375,10
2019-12,0,1624,380,230,157,2391,10
2020-01,0,1630,272,211,283,2396,13
2020-02,4,1652,491,180,72,2395,10
2020-03,46,1587,392,221,124,2324,11
2020-04,16,1582,254,204,279,2319,11
2020-05,2,1595,413,220,91,2319,10
2020-06,0,1546,382,208,167,2303,12
2020-07,0,1558,378,212,151,2299,11
2020-08,6,1536,349,212,202,2299,12
2020-09,10,1529,363,211,169,2272,10
2020-10,0,1543,366,228,133,2270,10
2020-11,0,1531,306,230,203,2270,11
2020-12,0,1565,244,222,245,2276,11
2021-01,0,1559,237,225,253,2274,9
2021-02,20,1544,248,211,270,2273,12
2021-03,56,1461,318,200,227,2206,10
2021-04,40,1499,396,185,125,2205,11
2021-05,2,1486,353,197,168,2204,11
2021-06,6,1438,409,197,127,2171,12
2021-07,16,1451,312,200,203,2166,10
2021-08,42,1411,408,203,146,2168,12
2021-09,44,1407,256,204,277,2144,11
2021-10,16,1376,312,188,268,2144,13
2021-11,50,1379,370,211,183,2143,10
2021-12,28,1431,342,202,180,2155,10
2022-01,56,1411,212,195,337,2155,12
2022-02,62,1412,262,224,257,2155,12
2022-03,54,1349,236,145,354,2084,14
2022-04,2,1366,256,195,265,2082,14
2022-05,0,1391,322,203,165,2081,11
2022-06,4,1384,277,202,199,2062,11
2022-07,4,1252,192,139,328,1911,12
2022-08,4,1208,230,199,208,1845,8
